index 340
DMU 150
input 5
output 5
instance 10
DMU   i1   i2   i3   i4   i5   o1   o2   o3   o4   o5   eff  err
  1   37   38   27   24   13   42   43   45   44   39    87   18
  2   48   11   14   20   42   31   32   31   31   29    96    5
  3   42   34   17   29   43   26   26   27   25   24    78    0
  4   35   36   42   20   48   42   37   37   40   41    89    8
  5   16   45   25   14   16   28   25   27   29   26    89    7
  6   48   11   30   14   21   32   34   33   34   30    97    8
  7   34   14   39   43   36   45   47   45   45   47    85   17
  8   16   19   24   44   50   34   34   32   31   37    81    9
  9   44   24   40   39   21   44   49   48   47   45   100   12
 10   24   35   38   36   21   30   30   30   30   30    65   10
 11   43   48   16   20   33   47   45   48   47   42   100   14
 12   48   11   37   10   23   33   34   33   35   32    63   17
 13   21   36   38   50   48   51   50   49   48   53    84   18
 14   35   17   13   39   46   41   43   41   39   41    92   13
 15   23   50   38   28   14   34   34   35   36   34    64   15
 16   49   39   40   32   13   41   45   46   45   39    99    8
 17   27   42   32   30   12   31   32   33   32   30    71   11
 18   44   31   49   28   28   36   37   36   38   36    77    9
 19   13   19   44   20   13   30   29   28   31   32    83   12
 20   28   25   34   19   11   33   34   34   35   33    67   18
 21   30   35   47   28   48   47   42   41   45   48    97    9
 22   49   36   30   22   25   43   43   45   45   40    74   19
 23   46   46   34   50   46   59   60   61   58   58    90   19
 24   20   49   32   11   33   30   23   26   29   28    91    2
 25   28   46   43   32   14   33   33   34   35   32    90    4
 26   39   30   19   38   18   35   39   39   37   34    73   15
 27   30   24   49   21   30   36   34   33   37   37    84   10
 28   34   18   45   17   12   31   31   31   33   31    68   14
 29   48   13   16   35   40   23   26   25   23   23    61    5
 30   33   11   44   43   29   39   42   39   40   42    81   14
 31   38   18   21   46   45   28   30   29   27   29    61    8
 32   32   46   19   23   44   43   39   41   40   40    95   10
 33   30   32   17   12   18   35   34   36   36   32    90   15
 34   40   43   31   42   35   26   27   28   26   25    66    1
 35   22   20   29   30   24   28   29   28   28   29    65   12
 36   44   11   44   41   17   34   38   37   37   36    65   15
 37   28   33   50   26   38   45   41   41   44   46    95   11
 38   49   35   34   43   37   28   30   30   29   27    69    1
 39   34   12   39   41   42   45   47   44   45   48    82   18
 40   11   39   49   29   12   36   35   35   38   38    91   11
 41   29   42   39   47   20   31   34   34   33   32    85    2
 42   35   19   45   40   31   33   35   33   34   35    87    4
 43   26   17   34   13   41   26   23   21   25   27    85    3
 44   39   32   41   22   27   41   40   40   42   40    73   17
 45   35   31   20   15   49   36   32   32   34   34    95    6
 46   45   42   43   28   31   51   51   52   53   50    91   17
 47   24   22   39   10   24   35   32   32   36   36    95   12
 48   44   39   45   21   11   35   36   37   38   34    67   14
 49   20   34   49   24   32   43   39   39   42   44    82   16
 50   33   29   39   50   37   37   39   37   37   38    67   12
 51   27   15   46   19   33   41   39   37   40   42    72   20
 52   43   49   21   28   13   41   43   46   43   37    89   14
 53   21   43   26   49   27   41   43   43   41   42    83   14
 54   48   33   17   49   21   31   38   38   33   29    93    1
 55   30   37   25   47   40   40   41   41   39   40    76   13
 56   49   22   28   44   27   28   32   31   29   28    64    7
 57   25   28   17   40   28   21   23   23   21   21    63    4
 58   29   43   36   33   15   24   24   25   25   23    61    5
 59   46   37   17   28   19   28   31   33   31   25    95    1
 60   27   35   34   37   24   40   41   41   40   40    77   16
 61   33   42   23   23   28   38   37   38   38   36    63   19
 62   31   38   32   36   20   32   33   34   33   32    72   10
 63   27   33   23   43   15   34   39   39   36   34    94    9
 64   26   49   39   25   22   34   32   34   35   33    77    9
 65   15   50   27   36   38   30   28   29   29   31    66    8
 66   21   24   31   11   48   25   20   20   23   26    77    3
 67   35   29   31   22   24   23   23   24   24   23    69    4
 68   12   13   20   11   19   16   15   15   16   16    65    6
 69   40   49   45   28   10   36   36   38   39   34    65   14
 70   23   18   35   37   39   34   34   33   33   36    60   16
 71   18   10   20   38   26   20   22   21   20   22    60    7
 72   11   37   42   24   21   35   33   33   36   37    86   12
 73   21   16   24   41   41   43   45   42   41   46    96   16
 74   37   27   31   46   26   34   38   38   35   35    96    3
 75   28   16   12   10   13   17   17   18   18   15    81    4
 76   34   34   35   46   19   37   40   40   39   38    69   15
 77   25   40   46   49   50   41   40   39   39   43    63   14
 78   19   48   26   36   46   44   40   41   41   44    96    9
 79   37   20   26   36   23   30   33   32   31   30    66   12
 80   21   18   46   41   30   37   38   35   37   41    94    8
 81   42   40   35   24   19   38   38   39   39   36    65   17
 82   49   50   33   33   18   49   51   54   52   45   100   13
 83   33   43   35   45   42   42   42   42   41   42    65   16
 84   39   13   19   12   45   32   29   28   30   30    91    7
 85   34   16   18   42   44   28   30   29   27   29    73    6
 86   35   13   45   41   35   47   49   46   47   50    99   14
 87   44   47   29   42   12   24   27   29   26   22    63    3
 88   21   34   14   32   15   30   32   33   31   29    76   13
 89   40   37   34   24   46   31   28   28   29   29    79    1
 90   18   22   26   29   45   33   30   29   30   34    82    9
 91   34   18   50   35   16   44   47   45   47   46    95   16
 92   44   45   33   27   11   34   36   38   37   32    74   11
 93   12   49   25   30   40   44   40   41   42   44    87   16
 94   37   36   28   14   27   44   42   43   45   41    93   17
 95   28   20   30   32   34   28   28   27   27   29    73    7
 96   18   49   39   41   34   42   40   41   41   42    70   16
 97   12   14   22   12   22   33   31   31   32   34    90   18
 98   36   47   44   46   40   42   42   42   42   42    65   14
 99   41   32   20   26   49   32   31   31   31   31    61   11
100   18   37   16   17   12   20   19   22   21   18    86    3
101   23   40   18   45   25   28   30   31   27   27    80    4
102   43   18   46   46   44   41   44   41   41   44    88    7
103   20   36   19   21   12   34   34   36   35   33    79   17
104   26   25   24   13   29   36   34   34   35   35    73   18
105   31   22   43   45   18   28   32   31   30   31    81    4
106   33   30   21   36   33   39   40   40   38   38    84   13
107   46   15   34   39   14   45   52   50   49   45   100   17
108   17   19   27   32   15   15   17   16   16   17    68    1
109   14   35   14   10   42   29   24   25   26   28    68   12
110   13   41   45   34   28   28   26   26   28   30    75    4
111   43   24   31   38   20   38   42   41   40   38    65   19
112   11   18   21   21   11   19   20   19   19   20    69    8
113   20   37   48   46   27   33   34   33   34   36    73    8
114   50   27   42   31   18   39   42   42   42   38    92    9
115   28   35   39   31   18   34   35   35   36   35    89    8
116   10   33   25   24   45   39   35   35   36   40    66   20
117   46   11   24   48   42   49   54   52   49   50    93   18
118   11   44   34   36   46   47   43   43   44   49    91   15
119   12   21   19   24   28   18   17   16   16   19    79    1
120   20   40   36   30   31   43   40   41   42   43    87   15
121   13   37   39   41   40   32   31   30   31   35    71    8
122   49   36   26   32   19   42   46   47   45   39    99   11
123   11   35   18   34   46   33   31   31   30   34    71   12
124   34   43   11   15   11   29   29   32   30   25    70   13
125   29   12   11   15   48   36   34   33   33   35    86   15
126   38   45   17   31   46   54   52   54   52   51    93   20
127   34   20   23   27   38   25   25   24   24   25    80    2
128   49   34   28   39   28   41   43   43   42   39    65   18
129   42   36   43   20   43   30   28   28   30   30    67    5
130   35   18   33   37   22   35   38   37   36   36    82   12
131   48   17   31   20   13   37   40   40   40   35    80   17
132   39   22   21   38   44   42   43   43   41   42    91   12
133   29   15   42   43   11   22   26   25   24   24    70    4
134   25   31   25   12   25   25   23   24   25   24    88    4
135   32   36   43   30   37   35   33   33   34   35    74    8
136   36   47   13   39   29   38   40   42   38   36    81   12
137   10   19   14   50   44   35   36   34   32   37    64   17
138   45   35   41   40   47   42   42   41   42   42    74   11
139   30   28   36   30   45   43   41   40   42   44    81   15
140   43   14   13   43   30   38   43   42   38   38    73   18
141   37   36   49   50   28   34   37   36   36   36    68    8
142   24   37   31   26   43   40   37   37   38   40    78   14
143   36   25   32   33   22   29   32   31   31   29    81    6
144   17   35   19   26   12   19   19   21   20   18    70    4
145   35   15   33   47   37   35   37   36   35   37    64   14
146   19   39   31   12   46   35   29   29   32   34    75   11
147   11   12   47   45   38   28   28   25   26   33    75    5
148   32   42   46   32   22   44   44   45   46   45   100   10
149   27   24   47   42   21   33   36   34   35   36   100    2
150   30   19   32   10   26   29   27   26   29   28    90    7
