index 306
DMU 150
input 4
output 4
instance 6
DMU   i1   i2   i3   i4   o1   o2   o3   o4   eff  err
  1   18   30   19   47   22   25   26   23    85    2
  2   31   41   24   37   39   42   42   40    91   11
  3   41   14   34   40   36   33   34   37    77   10
  4   44   25   25   32   27   27   26   28    80    1
  5   28   46   13   11   28   33   30   27    94    5
  6   35   43   35   33   42   43   42   42    66   18
  7   28   43   13   33   40   45   44   41    99   14
  8   42   16   39   21   50   46   45   50    95   18
  9   37   43   41   27   35   35   34   34    83    3
 10   43   48   15   48   50   56   55   52   100   15
 11   26   47   35   39   22   24   24   22    65    0
 12   20   33   16   44   23   27   28   24    97    0
 13   34   40   49   46   41   40   41   41    77    9
 14   46   30   30   45   27   28   28   29    71    1
 15   27   25   39   29   28   26   27   28    72    6
 16   50   46   16   35   45   49   47   46    72   19
 17   14   16   46   50   42   38   43   42    86   17
 18   46   28   27   33   34   34   34   35    61   13
 19   20   44   35   46   30   32   34   30    93    0
 20   25   27   35   46   21   21   23   22    69    0
 21   23   41   48   42   38   38   39   38    63   15
 22   48   22   41   13   35   32   30   34    73    8
 23   49   11   28   41   29   27   27   31    77    3
 24   18   38   25   26   33   35   35   33    93   10
 25   23   31   43   38   38   37   38   38    61   18
 26   11   23   25   30   31   31   32   31    68   17
 27   20   12   35   23   38   34   35   37    94   15
 28   17   39   41   30   34   33   34   33    64   14
 29   31   48   34   35   49   51   51   49    84   19
 30   47   18   36   24   37   34   33   37    85    7
 31   10   37   36   46   30   31   33   30    61   13
 32   27   34   20   47   30   32   33   31    67   11
 33   32   23   28   26   39   38   38   39    76   17
 34   45   38   17   42   49   54   52   52    97   17
 35   14   32   18   29   33   36   36   33    85   16
 36   42   20   38   47   38   35   36   39    99    1
 37   22   45   18   45   42   47   47   43    87   18
 38   20   45   13   49   18   22   23   19    67    1
 39   42   15   33   24   31   28   27   31    97    0
 40   22   39   14   33   25   30   30   26    98    2
 41   49   21   18   37   24   24   23   25    65    3
 42   24   40   29   23   30   31   31   29    90    4
 43   36   19   45   49   50   46   48   50    90   16
 44   23   38   44   13   27   26   25   25    85    0
 45   33   20   41   25   47   43   43   46    88   18
 46   42   34   11   23   37   39   38   38    61   20
 47   15   22   29   40   30   30   32   30    89    9
 48   24   23   11   34   31   33   34   33    80   15
 49   31   47   24   48   27   30   30   27    74    2
 50   48   37   37   27   35   34   33   34    79    3
 51   12   43   13   39   32   37   38   32    85   14
 52   46   26   22   18   30   31   29   31    69    9
 53   13   14   23   18   30   29   30   30    65   19
 54   10   11   35   44   32   29   33   32    84   13
 55   21   47   20   27   33   38   37   33    97    8
 56   46   50   37   27   34   35   33   33    79    1
 57   15   47   26   22   33   35   35   32    70   15
 58   12   47   17   28   20   23   23   20    63    6
 59   11   21   46   36   41   38   41   40    80   19
 60   16   21   29   44   17   17   19   17    62    2
 61   32   33   25   37   35   36   36   35    65   15
 62   26   33   40   28   38   37   38   37    75   14
 63   48   19   25   22   47   45   44   48    87   19
 64   37   26   33   44   41   41   42   42    80   14
 65   41   18   28   26   39   37   36   39    87   12
 66   45   42   26   43   47   49   49   48    77   18
 67   20   20   42   37   36   34   36   36    73   15
 68   26   46   28   16   26   28   27   25    72    5
 69   24   36   35   26   28   28   28   27    83    3
 70   21   49   33   45   42   45   46   42    86   14
 71   44   25   45   11   28   25   23   27    69    2
 72   21   44   24   18   30   33   32   29    90    7
 73   26   33   22   46   37   39   40   38    71   17
 74   35   17   49   42   37   33   35   37    76    9
 75   41   28   41   21   27   25   24   27    72    1
 76   26   14   38   31   32   28   30   32    91    6
 77   26   23   25   20   38   38   37   38    90   16
 78   39   41   28   37   40   42   41   40    81   11
 79   19   50   22   28   22   26   25   22    65    5
 80   28   26   19   42   33   35   35   34    88   10
 81   28   40   33   33   41   42   42   40    94   10
 82   35   45   13   14   36   40   37   36    78   15
 83   49   27   15   23   31   32   30   32    85    5
 84   38   46   11   28   29   35   33   30    97    1
 85   35   35   22   44   31   33   33   32    69    9
 86   48   19   29   28   28   26   25   29    76    2
 87   35   14   44   46   46   41   44   46    92   13
 88   15   36   38   28   36   36   37   35    75   15
 89   28   31   21   42   25   27   28   26    87    1
 90   25   43   24   28   28   31   30   28    81    5
 91   50   19   35   42   40   38   39   41    66   15
 92   40   45   45   27   47   46   45   46    84   12
 93   39   13   42   12   31   25   25   30    89    2
 94   37   35   10   38   30   34   33   32    80    8
 95   41   37   12   40   28   31   31   30    70    7
 96   15   34   32   20   39   39   39   38    80   19
 97   17   25   37   50   39   38   41   39    90   13
 98   12   48   29   16   24   26   26   23    65    8
 99   50   18   16   19   29   29   27   31    81    6
100   33   39   42   35   39   39   39   38    91    5
101   33   40   27   42   31   33   33   32    62   11
102   21   41   10   19   14   17   16   14    61    1
103   13   39   27   23   40   42   42   39    98   17
104   20   23   37   23   26   23   24   25    92    1
105   39   20   25   31   27   26   26   28    86    1
106   26   14   19   42   21   21   22   22    61    7
107   20   15   32   32   33   31   33   33    70   16
108   16   22   20   11   19   19   18   18    97    1
109   16   48   36   36   45   48   49   44    98   15
110   14   33   27   17   35   36   35   34    84   16
111   26   25   42   30   28   25   26   27    71    5
112   25   35   42   45   48   47   49   47    94   15
113   32   31   10   17   25   28   26   26    72    9
114   23   22   50   31   29   25   27   28    82    2
115   28   29   42   30   34   32   33   33    78    8
116   48   44   18   29   42   46   43   43    97    8
117   46   49   35   48   36   38   38   37    61   10
118   50   17   20   24   36   36   34   38    73   14
119   30   25   11   15   32   33   32   32    65   18
120   25   28   35   47   33   33   35   34    93    4
121   37   36   31   48   37   38   39   38    60   16
122   11   27   39   15   23   21   22   21    65    7
123   43   39   27   28   49   51   49   50    86   19
124   43   37   24   41   28   30   30   29    64    6
125   17   32   15   32   34   36   37   34    71   19
126   38   22   33   38   32   31   31   33    97    0
127   38   27   16   27   30   31   30   31    84    7
128   49   31   27   44   38   39   39   40    60   16
129   25   47   13   27   23   27   26   23    67    6
130   46   27   25   48   27   28   28   29    77    0
131   16   44   15   38   20   24   24   21    66    5
132   21   45   17   13   20   23   21   19    76    2
133   39   26   27   29   47   47   46   48    93   18
134   21   14   18   27   26   26   27   27    69   13
135   30   41   22   46   35   39   39   36    97    5
136   37   31   41   38   43   42   42   43    84   12
137   39   44   50   26   36   35   34   35    73    5
138   24   29   50   39   48   46   47   48    80   20
139   32   38   48   17   27   25   24   25    64    3
140   21   46   31   29   45   47   47   44    90   18
141   42   41   16   29   27   30   28   27    66    6
142   34   45   35   31   23   24   24   23    64    0
143   15   25   11   29   15   18   18   16    85    1
144   29   33   11   15   20   23   21   20    80    2
145   43   46   35   46   34   35   35   34    61    9
146   36   13   49   39   37   33   34   37    60   15
147   24   20   40   15   30   27   27   28    70   10
148   18   30   43   35   39   37   39   38    88   12
149   35   15   26   23   38   37   36   38    71   19
150   43   15   30   15   30   28   26   30    80    6
