index 332
DMU 150
input 5
output 5
instance 2
DMU   i1   i2   i3   i4   i5   o1   o2   o3   o4   o5   eff  err
  1   12   20   23   10   22   30   31   29   30   30    74   17
  2   39   30   41   38   21   35   35   37   36   36    71   12
  3   40   37   20   18   33   44   47   43   45   45    86   19
  4   13   17   45   19   34   31   30   30   30   31    63   14
  5   44   11   44   23   49   35   39   36   35   39    90    6
  6   16   34   18   32   25   35   33   34   35   32    95   10
  7   25   36   20   28   40   36   37   34   36   35    75   13
  8   24   31   48   24   34   30   30   29   29   30    91    0
  9   36   36   26   17   45   31   35   29   32   33    83    5
 10   18   28   45   17   11   38   36   38   38   38    85   17
 11   34   11   14   22   25   18   21   21   19   21    96    0
 12   28   44   23   17   33   33   34   30   33   32    79    9
 13   25   38   41   26   38   34   33   31   33   33    85    4
 14   26   37   19   42   18   38   36   39   39   36    70   18
 15   47   46   48   20   15   36   37   37   38   39    96    4
 16   37   18   13   16   13   21   23   23   22   23    64   10
 17   17   22   34   27   42   33   33   31   31   32    80    9
 18   23   22   48   24   12   29   28   31   29   30    83    8
 19   23   11   12   47   45   31   31   32   30   29    87    7
 20   48   35   40   28   17   38   39   41   40   41    84   12
 21   19   17   13   49   34   22   20   22   20   19    75    1
 22   13   21   37   17   26   24   23   22   23   23    91    2
 23   13   30   40   23   46   30   29   26   28   28    84    2
 24   48   37   25   36   37   24   26   25   25   25    66    1
 25   25   50   38   48   42   55   51   52   53   50    99   12
 26   23   49   15   40   49   54   52   49   52   49    91   19
 27   46   14   42   48   24   27   27   31   28   29    65    6
 28   35   12   46   17   36   23   26   24   24   27    71    4
 29   29   13   34   42   19   23   21   26   23   23    75    3
 30   46   47   42   31   20   46   47   48   48   48    87   15
 31   36   44   25   49   30   31   29   32   31   29    75    3
 32   28   39   35   23   26   37   37   36   37   37    69   16
 33   30   38   13   26   17   25   25   25   26   24    98    1
 34   50   11   32   44   13   31   32   37   33   34    77   11
 35   49   43   47   48   28   55   54   58   56   56    89   18
 36   11   41   46   38   29   39   34   36   37   35    87    7
 37   44   36   33   36   45   29   30   29   29   30    68    3
 38   11   19   26   22   13   22   21   22   22   22    60   11
 39   19   40   48   32   30   34   32   33   34   33    68   10
 40   36   18   47   16   47   34   38   34   34   38    93    5
 41   42   50   34   27   18   33   33   33   34   33    91    2
 42   43   16   15   34   33   38   41   41   39   41    98   13
 43   40   49   38   34   15   40   39   41   41   40    86   10
 44   14   23   13   39   35   34   32   33   32   30    90   10
 45   14   19   20   50   10   33   29   35   33   31    64   18
 46   11   27   50   12   41   31   31   28   30   31    64   12
 47   45   33   26   20   39   45   49   45   46   48    84   19
 48   38   30   49   19   30   42   44   43   43   45    91   13
 49   13   41   42   43   40   36   33   34   35   33    67   10
 50   44   46   35   28   24   36   37   36   37   37    67   13
 51   24   13   19   39   16   31   30   33   31   31    61   18
 52   21   35   38   24   30   44   42   41   43   43    99   13
 53   21   25   35   31   33   35   34   34   34   34    83   10
 54   19   49   34   24   34   35   33   31   34   32    80    7
 55   36   22   42   24   31   42   43   43   42   45   100   12
 56   39   15   13   42   27   24   25   27   25   25    64    8
 57   37   46   37   43   26   53   51   53   53   52    86   20
 58   39   47   13   24   41   38   39   36   38   38    60   18
 59   14   14   50   41   43   33   31   33   31   32    77    7
 60   18   15   30   38   26   20   18   21   19   19    77    0
 61   12   18   12   29   48   37   37   34   34   34    96   12
 62   14   46   13   23   45   49   49   43   48   45    93   20
 63   45   40   14   17   35   37   40   36   38   38    62   19
 64   40   23   33   27   33   44   46   46   45   47    82   20
 65   21   37   13   49   46   25   24   24   24   22    63    3
 66   50   18   35   21   39   30   35   32   31   35    97    1
 67   45   38   17   36   19   39   40   42   41   40    99   10
 68   36   15   13   13   43   22   26   21   22   24    75    5
 69   16   14   11   37   35   24   24   24   23   23    65    9
 70   26   17   24   25   22   23   23   24   23   24    95    2
 71   44   14   47   43   20   41   40   45   41   43    70   19
 72   42   14   19   16   37   25   31   26   26   29   100    2
 73   32   23   44   46   37   41   40   43   40   41    94    7
 74   31   40   26   48   45   52   50   51   51   49    96   14
 75   41   17   35   23   45   39   43   40   39   43    98    9
 76   34   39   48   43   31   41   39   42   41   41    82    9
 77   32   19   15   10   50   20   25   18   20   23    80    1
 78   49   17   18   27   49   37   42   38   38   40    88   11
 79   11   46   15   47   40   31   27   27   29   25    74    4
 80   20   40   44   49   17   39   34   39   38   36    71   13
 81   47   12   36   42   25   29   30   33   30   31    71    8
 82   31   15   34   22   21   28   29   30   28   30    90    7
 83   23   33   14   35   18   38   36   38   38   36    75   19
 84   42   35   36   32   30   39   40   40   40   41    69   16
 85   42   32   22   42   33   35   35   36   35   35    74   10
 86   37   38   48   11   31   40   42   39   40   42    70   17
 87   35   37   47   28   11   49   47   51   50   50    99   18
 88   45   45   11   14   36   31   35   29   32   33    76    9
 89   32   40   20   30   43   45   46   42   44   44    88   15
 90   40   28   21   18   22   26   29   27   28   28    69   10
 91   39   17   22   29   36   17   19   18   18   19    64    0
 92   29   24   20   28   11   40   40   43   41   41    99   19
 93   20   48   20   18   47   48   49   42   47   45    90   18
 94   29   36   14   28   15   29   28   29   30   28    91    7
 95   42   14   25   43   27   34   34   37   34   35    63   16
 96   43   32   44   17   26   33   36   34   35   37    92    5
 97   20   28   33   32   32   31   29   30   30   29    81    6
 98   16   37   13   39   33   26   24   24   25   22    81    2
 99   28   14   44   44   20   35   33   38   35   35    68   15
100   35   39   23   36   23   38   37   39   39   37    90   10
101   23   36   29   26   38   35   35   32   34   34    81    9
102   48   23   41   41   18   46   46   51   48   49    83   20
103   50   18   16   48   29   34   36   39   36   36    80   11
104   42   12   38   18   49   40   44   41   40   44    78   17
105   18   33   27   14   46   38   39   33   36   37    87   12
106   20   46   47   32   29   42   40   40   41   40    76   14
107   28   20   33   34   16   33   32   35   33   33    67   16
108   16   18   28   19   44   40   41   37   38   39    90   16
109   33   20   38   39   46   52   52   53   51   53    97   18
110   33   41   43   19   45   32   33   29   32   33    73    5
111   20   49   35   21   40   35   34   30   34   33    87    4
112   38   17   12   41   39   25   27   27   25   26    69    6
113   48   30   47   29   12   27   28   31   29   31    86    1
114   47   27   29   49   24   36   36   41   37   37    91    6
115   18   29   28   24   19   21   19   20   20   20    84    0
116   19   20   16   41   14   32   29   34   32   29    88   12
117   46   32   44   47   34   46   45   48   46   46    65   20
118   21   15   30   37   43   40   39   39   38   39    92   12
119   41   12   17   18   45   35   39   35   35   38    81   15
120   32   40   20   20   49   30   33   27   30   30    71    7
121   20   22   25   15   28   19   20   18   19   19    71    3
122   27   15   13   39   26   29   29   31   29   28    90    8
123   28   17   40   31   30   38   38   39   38   39    70   18
124   42   13   16   40   21   16   16   19   17   17    62    1
125   43   26   11   40   42   35   37   36   35   35    76   11
126   21   38   38   22   50   36   37   32   35   35    84    6
127   34   31   41   33   47   40   41   39   39   40    64   16
128   34   26   37   49   13   36   33   40   36   35    83   10
129   22   41   45   39   50   49   47   46   47   46    90   11
130   44   31   12   28   29   32   34   33   33   33    78   11
131   46   18   32   20   24   31   35   34   33   36    92    8
132   23   12   43   35   15   26   25   29   26   27    65   10
133   23   37   25   28   34   40   39   38   39   38    74   17
134   27   22   27   19   35   29   31   29   29   31    95    5
135   50   26   34   48   49   42   43   44   42   43    68   15
136   39   30   33   12   29   30   34   30   32   34    94    5
137   31   11   22   22   20   37   39   39   38   39    97   18
138   26   18   32   40   24   25   24   27   25   25    62    8
139   13   35   12   39   27   38   35   36   37   34    83   15
140   34   18   10   44   39   35   36   36   35   35    61   18
141   11   18   14   11   27   22   23   20   21   21    87    7
142   31   31   41   37   49   39   39   37   37   38    98    1
143   21   22   21   44   13   41   37   43   41   38    88   19
144   49   11   35   46   42   39   41   43   40   42    78   13
145   32   24   25   13   11   17   19   18   18   19    64    5
146   15   42   25   26   21   39   36   36   38   36    89   14
147   48   13   39   16   16   35   39   40   37   42    98   13
148   45   22   38   37   39   31   33   33   32   33    68    8
149   16   28   46   36   35   49   46   48   47   47    91   18
150   17   12   37   18   14   27   26   28   27   28    98    8
