index 271
DMU 150
input 3
output 3
instance 1
DMU   i1   i2   i3   o1   o2   o3   eff  err
  1   17   44   16   14   14   17    62    0
  2   11   36   21   27   28   32    67   15
  3   47   44   36   42   41   40    73   10
  4   40   31   15   50   45   44    90   20
  5   39   20   17   41   38   35    71   19
  6   12   44   17   25   26   31    72   11
  7   29   28   42   49   52   51    96   19
  8   31   43   36   31   32   34    76    5
  9   48   31   47   55   55   52    89   16
 10   29   18   44   33   36   34    66   14
 11   49   16   30   30   27   23    61    6
 12   44   35   14   41   37   36    67   17
 13   49   33   28   48   44   42    78   15
 14   39   20   21   31   29   26    66   10
 15   37   20   36   39   39   36    72   15
 16   10   22   45   25   31   33    76   11
 17   23   31   35   38   40   41    71   19
 18   42   44   30   35   33   33    85    1
 19   40   15   34   47   46   41    96   15
 20   27   26   44   34   37   37    71   13
 21   38   35   30   49   47   47    88   17
 22   48   31   44   50   49   46    96    8
 23   25   23   34   29   31   31    96    4
 24   35   37   36   38   39   39    66   15
 25   15   39   38   26   29   33    77    7
 26   46   43   23   40   36   36    75    9
 27   46   34   39   35   34   32    71    5
 28   20   34   31   26   28   29    61   11
 29   22   39   26   44   44   48    97   18
 30   42   24   42   54   54   50   100   16
 31   40   22   16   34   29   26    91    5
 32   41   26   29   34   33   31    63   12
 33   28   27   40   38   40   40    89   11
 34   39   17   50   42   44   40    66   18
 35   36   48   40   49   49   52    93   12
 36   40   26   27   49   47   44    89   18
 37   15   10   32   12   15   14    73    0
 38   33   24   18   29   26   25    76    7
 39   25   19   46   37   40   39    73   17
 40   21   45   24   21   21   25    74    1
 41   45   37   14   41   35   33    99    4
 42   31   12   32   29   30   27    68   11
 43   29   17   34   21   21   20    68    2
 44   12   24   35   28   31   33    70   15
 45   41   23   40   30   30   27    78    1
 46   16   49   48   36   40   46    72   15
 47   42   11   42   42   42   38    68   18
 48   45   10   28   29   26   21    75    3
 49   45   26   27   41   38   35    77   12
 50   10   35   11   19   19   23    78    7
 51   15   49   29   30   32   39    89    8
 52   31   36   50   36   39   40    77    9
 53   36   42   11   32   29   30    75    8
 54   26   45   15   34   32   35    67   15
 55   41   46   29   44   42   43    84   11
 56   43   21   17   41   38   34    69   18
 57   21   39   22   36   37   40    94   13
 58   25   36   14   39   37   39    80   19
 59   17   37   10   36   34   39    95   17
 60   21   17   35   22   24   23    82    3
 61   39   20   23   42   39   35    89   13
 62   46   17   31   43   40   35    83   12
 63   45   28   32   38   35   32    89    3
 64   31   20   19   40   38   35    98   14
 65   48   44   18   38   34   33    67   10
 66   27   11   18   23   21   18    94    2
 67   42   19   46   44   45   40    96    8
 68   33   20   34   29   30   27    83    4
 69   21   32   34   28   30   32    79    8
 70   39   22   16   44   40   37    86   17
 71   32   39   47   51   53   54    87   19
 72   29   45   37   33   34   36    64   11
 73   47   32   47   43   43   40    65   14
 74   11   10   21   28   30   30    80   18
 75   44   47   47   60   61   61    93   18
 76   21   17   23   15   16   15    75    0
 77   23   42   23   24   24   28    83    2
 78   36   22   35   38   38   36    80   12
 79   36   45   44   24   25   26    61    0
 80   19   44   11   35   33   39    98   13
 81   33   16   11   25   22   19    80    5
 82   26   38   48   41   45   47    85   13
 83   49   47   39   63   61   60    98   17
 84   38   48   25   44   41   43    84   12
 85   27   48   23   37   37   40    63   18
 86   50   11   26   33   29   22    84    2
 87   23   44   41   22   25   28    72    0
 88   31   30   29   47   47   47    96   18
 89   18   47   43   32   37   44    99    4
 90   13   45   25   19   20   25    67    4
 91   40   24   38   28   28   25    74    1
 92   48   49   11   58   50   50    98   17
 93   39   18   23   31   29   26    66   10
 94   26   21   11   19   17   16    77    2
 95   47   32   42   50   49   46    89   12
 96   50   36   10   52   45   42    89   17
 97   41   16   40   42   42   37    88   11
 98   14   31   49   31   37   40    81   12
 99   10   14   31   25   29   29    76   14
100   22   10   32   27   29   27    95    7
101   46   20   19   39   35   31    71   14
102   22   44   36   35   37   42    98    6
103   31   46   47   45   47   49    72   18
104   25   23   17   39   38   37    83   20
105   41   49   46   60   61   62    98   17
106   15   23   35   36   39   41    87   18
107   40   25   43   41   42   39    86    9
108   11   13   35   32   36   36    81   19
109   16   43   40   35   39   44    87   12
110   32   24   49   35   38   36    98    2
111   21   21   18   26   26   26    95    7
112   25   37   40   46   49   51    89   19
113   17   11   32   20   23   22    82    5
114   27   46   26   27   27   29    61    8
115   13   13   19   24   25   25    85   12
116   36   44   42   49   50   52    93   13
117   49   25   47   62   61   56   100   18
118   29   35   25   35   34   35    60   17
119   43   36   29   46   44   43    70   19
120   27   45   36   33   34   38    88    4
121   39   31   18   31   28   27    67    9
122   20   14   35   23   26   24    75    7
123   27   50   20   31   29   34    95    2
124   15   43   25   30   31   35    66   15
125   31   34   36   35   36   37    95    4
126   28   40   26   35   35   37    90    8
127   26   35   13   32   30   31    69   14
128   21   37   25   41   42   45    95   17
129   21   48   36   29   32   36    76    7
130   49   11   47   35   35   30    65    9
131   42   36   22   26   23   23    68    1
132   17   49   12   28   27   33    83    9
133   49   23   12   31   25   20    81    1
134   33   23   15   22   20   18    61    5
135   37   18   44   38   40   35    99    4
136   50   36   17   37   31   29    83    3
137   10   46   35   29   33   38    65   15
138   23   15   25   28   29   27    80   11
139   20   26   18   22   21   22    94    2
140   45   13   48   36   37   31    88    2
141   26   31   15   22   20   21    71    4
142   20   27   37   19   22   23    73    1
143   34   20   40   25   26   23    77    0
144   17   29   35   17   20   21    70    1
145   26   23   32   24   25   24    75    4
146   48   28   45   50   49   46    71   19
147   20   29   16   26   25   27    76   10
148   45   12   10   35   30   25    73   12
149   43   14   46   46   47   41    85   14
150   28   38   20   29   28   30    61   12
