index 391
DMU 200
input 3
output 3
instance 1
DMU   i1   i2   i3   o1   o2   o3   eff  err
  1   45   37   14   31   36   37    78   11
  2   31   12   32   39   39   36    74   20
  3   29   17   34   29   28   27    65   11
  4   12   24   35   37   33   33    89   12
  5   41   23   40   42   43   41    68   19
  6   16   49   48   33   29   30    76    0
  7   42   11   42   31   31   26    88    3
  8   45   10   28   31   34   30    94    8
  9   45   26   27   25   27   26    74    3
 10   10   35   11   25   25   28    79   10
 11   15   49   29   27   26   28    63    6
 12   31   36   50   35   32   31    79    1
 13   36   42   11   33   35   38    63   17
 14   26   45   15   20   22   25    69    2
 15   41   46   29   29   31   32    69    4
 16   43   21   17   21   24   24    65    7
 17   21   39   22   42   42   44    90   17
 18   25   36   14   24   26   28    83    5
 19   17   37   10   14   15   17    64    1
 20   21   17   35   30   29   27    64   13
 21   39   20   23   18   20   19    69    1
 22   46   17   31   30   32   30    61   13
 23   45   28   32   25   26   25    61    5
 24   31   20   19   29   30   30    62   16
 25   48   44   18   30   34   36    69    9
 26   27   11   18   27   28   26    98   10
 27   42   19   46   33   32   29    79    4
 28   33   20   34   38   38   36    84   14
 29   21   32   34   42   40   40    88   14
 30   39   22   16   30   34   33    85   12
 31   32   39   47   55   52   52    99   13
 32   29   45   37   33   32   33    67    7
 33   47   32   47   44   44   43    65   17
 34   11   10   21   20   18   17    98    4
 35   44   47   47   42   42   42    74    8
 36   21   17   23   27   27   26    97    7
 37   23   42   23   34   34   36    65   15
 38   36   22   35   32   32   30    84    6
 39   36   45   44   49   48   48    81   14
 40   19   44   11   26   27   31    66   11
 41   33   16   11   21   23   23    68   10
 42   26   38   48   43   40   40    73   13
 43   49   47   39   40   42   42    66   12
 44   38   48   25   34   36   38    83    5
 45   27   48   23   35   36   38    60   16
 46   50   11   26   21   24   21    73    3
 47   23   44   41   27   25   26    60    3
 48   31   30   29   33   33   33    73   11
 49   18   47   43   56   52   54    91   19
 50   13   45   25   40   38   41    76   17
 51   40   24   38   29   30   28    75    4
 52   48   49   11   33   39   43    89    7
 53   39   18   23   20   22   21    77    2
 54   26   21   11   26   28   29    91   11
 55   47   32   42   30   31   29    64    5
 56   50   36   10   35   42   44    92   13
 57   41   16   40   31   31   28    91    2
 58   14   31   49   36   32   32    61   13
 59   10   14   31   35   32   31    71   19
 60   22   10   32   16   15   13    65    1
 61   46   20   19   19   22   21    60    5
 62   22   44   36   40   38   40    96    5
 63   31   46   47   49   46   46    98    5
 64   25   23   17   29   30   31    95   10
 65   41   49   46   57   56   56    94   13
 66   15   23   35   38   35   34    94   12
 67   40   25   43   42   42   39    96    7
 68   11   13   35   35   31   29    82   15
 69   16   43   40   43   39   41    91    9
 70   32   24   49   38   36   34    61   15
 71   21   21   18   28   28   29    97    9
 72   25   37   40   38   35   36    97    2
 73   17   11   32   23   22   20    72    7
 74   27   46   26   45   45   48    89   16
 75   13   13   19   18   17   17    82    5
 76   36   44   42   32   31   32    67    4
 77   49   25   47   26   26   24    60    2
 78   29   35   25   47   48   50    98   19
 79   43   36   29   36   39   39    97    4
 80   27   45   36   43   41   43    87   10
 81   39   31   18   32   35   36    91    9
 82   20   14   35   24   22   20    83    3
 83   27   50   20   41   42   46    80   16
 84   15   43   25   33   32   34    74   11
 85   31   34   36   30   29   29    77    3
 86   28   40   26   36   36   39    97    6
 87   26   35   13   23   24   26    67    8
 88   21   37   25   24   23   25    70    4
 89   21   48   36   45   43   45    70   18
 90   49   11   47   36   37   31    91    4
 91   42   36   22   36   38   39    80   12
 92   17   49   12   37   37   42    78   17
 93   49   23   12   32   38   38    92   13
 94   33   23   15   24   26   26    67   10
 95   37   18   44   44   43   40    92   13
 96   50   36   17   27   32   33    83    4
 97   10   46   35   40   36   39    81   11
 98   23   15   25   21   21   20    68    7
 99   20   26   18   17   18   18    64    4
100   45   13   48   34   34   30    71    9
101   26   31   15   18   20   21    78    1
102   20   27   37   28   26   25    70    6
103   34   20   40   26   25   23    71    3
104   17   29   35   33   30   30    95    4
105   26   23   32   42   41   40    84   18
106   48   28   45   46   46   44    68   19
107   20   29   16   38   38   40    90   19
108   45   12   10   20   26   24    86    7
109   43   14   46   42   42   37    83   13
110   28   38   20   44   45   48    99   17
111   12   17   23   21   20   19    89    4
112   40   21   22   31   33   33    67   15
113   46   26   39   53   54   52    93   20
114   16   11   17   13   13   12    80    1
115   28   16   22   39   40   38    95   19
116   26   21   35   45   43   42    89   19
117   46   21   38   41   42   40    63   20
118   46   46   16   38   43   46    87   12
119   27   25   21   37   38   38    78   19
120   11   47   50   35   29   31    75    2
121   41   13   39   37   37   33    88   10
122   16   43   39   44   41   43    70   18
123   23   26   23   41   41   41    90   19
124   24   49   18   35   35   40    84   10
125   18   20   28   33   32   31    98   10
126   22   18   25   15   15   14    64    1
127   27   28   39   30   29   28    72    6
128   27   25   17   26   28   28    78   10
129   34   19   44   30   28   25    78    3
130   30   45   32   34   34   35    61   12
131   39   33   39   43   43   42    70   17
132   48   17   44   34   35   31    74    8
133   46   33   29   43   46   46    96   12
134   36   37   14   42   46   49    94   19
135   15   30   43   37   33   32    77   10
136   25   33   30   29   28   29    72    7
137   11   48   30   36   33   37    88    7
138   35   48   34   47   47   50    98    9
139   13   34   22   41   39   42    92   18
140   46   49   17   35   39   43    85    8
141   24   48   16   33   34   38    82   10
142   27   39   39   44   42   42    85   12
143   38   31   26   26   28   28    88    0
144   45   21   48   45   45   42    71   18
145   22   33   48   48   45   44    75   19
146   37   36   31   46   46   47    88   16
147   37   48   45   44   42   43    95    1
148   39   32   11   32   36   37    65   18
149   35   43   50   46   44   43    81    9
150   10   20   38   35   32   31    73   15
151   17   25   45   31   27   26    73    6
152   16   45   40   37   33   35    78    7
153   19   45   26   41   40   43    99   10
154   15   18   33   23   20   19    82    2
155   31   11   49   43   41   37    69   20
156   33   15   30   25   25   23    98    0
157   44   38   21   40   44   46    95   12
158   23   27   20   39   39   40    82   20
159   25   21   26   24   24   23    73    6
160   23   35   11   33   35   38    82   16
161   11   41   29   31   29   31    83    6
162   49   48   32   39   41   42    70   11
163   48   21   42   29   30   27    78    1
164   37   23   44   33   33   30    65   10
165   40   30   40   33   33   32    68    8
166   32   48   13   27   30   34    85    4
167   41   37   45   38   38   37    70    9
168   26   19   40   46   44   41    87   19
169   24   28   21   28   29   30    86    8
170   32   46   41   32   31   32    65    5
171   20   35   31   35   34   35    69   14
172   46   34   46   45   45   44    77   13
173   10   24   44   29   25   23    74    5
174   13   18   33   27   24   23    87    5
175   14   40   12   34   34   38    83   16
176   40   46   16   36   39   42    80   12
177   34   25   26   39   40   40    97   13
178   27   25   41   40   38   36    96    8
179   32   46   36   53   52   54    98   15
180   48   43   16   39   44   47    92   12
181   37   35   17   37   40   41    70   19
182   38   29   15   33   36   37    86   13
183   25   18   26   16   16   15    66    1
184   45   47   32   45   46   48    64   20
185   39   45   46   43   42   42    79    8
186   10   14   34   26   23   21    85    6
187   11   35   21   19   18   20    74    1
188   36   44   34   42   42   43    92    7
189   46   15   10   15   20   19    77    2
190   45   18   17   30   34   33    63   17
191   13   44   30   26   24   26    67    4
192   14   33   45   30   25   25    78    1
193   31   34   39   32   31   31    87    1
194   23   37   21   30   30   32    96    4
195   46   50   44   62   63   64    96   18
196   45   28   48   42   42   40    69   14
197   35   14   24   30   32   30    91   10
198   48   20   27   29   32   30    80    7
199   34   36   46   59   56   55    99   18
200   44   48   18   34   37   40    78    9
