index 370
DMU 200
input 2
output 2
instance 10
DMU   i1   i2   o1   o2   eff  err
  1   34   14   29   30    94   12
  2   39   43   46   46    97    5
  3   36   16   22   23    79    6
  4   19   24   29   29    92    8
  5   44   50   44   44    62   14
  6   44   24   39   40    71   19
  7   40   39   45   45    84   12
  8   21   24   24   24    64    9
  9   35   38   46   46    82   15
 10   36   21   25   25    65    9
 11   43   48   58   58    90   16
 12   16   20   30   29    87   13
 13   33   48   53   53    84   16
 14   11   37   28   27    74    5
 15   10   23   35   35    96   16
 16   21   36   34   34    68   12
 17   38   50   38   38    72    4
 18   48   35   40   40    76   11
 19   17   13   24   24    79   13
 20   39   46   48   48    95    6
 21   23   50   56   55    84   19
 22   38   28   24   24    68    3
 23   14   49   51   50   100   10
 24   39   40   39   39    85    5
 25   32   13   13   14    66    2
 26   27   42   50   50    94   14
 27   32   30   35   35    95    6
 28   12   44   36   35    83    6
 29   31   49   49   48    77   14
 30   28   28   34   34    61   17
 31   13   19   21   21    62   10
 32   44   20   28   29    99    3
 33   13   28   34   34    75   16
 34   25   34   42   41    80   16
 35   19   11   12   12    90    0
 36   30   35   36   36    87    7
 37   47   28   39   39    86   11
 38   48   49   46   46    78    8
 39   36   30   21   21    64    1
 40   22   25   26   26    77    7
 41   46   46   47   47    78   11
 42   34   50   45   45    70   13
 43   46   20   38   39    80   17
 44   49   32   39   40    82   10
 45   11   33   36   36    84   13
 46   28   46   41   41    68   13
 47   43   32   52   53    99   18
 48   14   39   31   30    89    1
 49   30   19   35   35    91   15
 50   38   18   28   29    84    9
 51   30   24   16   16    62    0
 52   49   21   22   22    64    4
 53   30   34   26   26    72    2
 54   18   45   44   43    62   20
 55   17   12   26   27    72   17
 56   48   13   35   36    86   17
 57   16   35   43   42    97   13
 58   40   33   48   48    94   15
 59   11   44   50   49    96   15
 60   43   29   48   48    90   19
 61   38   18   31   31    91   10
 62   21   46   42   41    82    9
 63   45   32   38   38    70   13
 64   46   19   29   30    76   10
 65   23   44   57   56    99   18
 66   30   32   38   38    68   17
 67   17   12   13   14    87    2
 68   18   40   24   24    66    1
 69   43   31   39   39    67   16
 70   42   35   33   33    62   10
 71   22   20   28   28    73   13
 72   29   30   40   40    90   13
 73   24   44   47   46    68   20
 74   11   44   55   53    95   20
 75   41   17   26   27    75    9
 76   28   33   37   36    93    7
 77   50   26   35   36    68   14
 78   38   49   56   55    96   11
 79   35   34   41   41    96    8
 80   43   37   52   52    94   16
 81   34   12   25   26    70   13
 82   39   41   43   43    86    8
 83   42   11   24   24    69   11
 84   39   49   44   44    71   11
 85   29   12   16   16    62    6
 86   29   42   33   32    76    3
 87   39   47   46   46    75   12
 88   20   35   28   28    74    5
 89   19   45   33   32    63    8
 90   40   31   27   27    79    1
 91   26   17   28   29    81   13
 92   34   13   15   15    72    2
 93   41   39   48   48    93   11
 94   32   41   56   56    95   19
 95   22   27   32   31    68   14
 96   35   31   30   31    83    4
 97   20   15   28   28    80   15
 98   49   45   44   44    71   11
 99   42   43   38   38    86    1
100   28   31   43   43    83   18
101   24   22   22   22    96    0
102   39   10   12   13    65    1
103   24   44   51   50    84   18
104   39   45   57   57    89   18
105   21   11   23   23    64   14
106   20   34   32   31    67   11
107   49   24   37   37    69   16
108   32   33   43   43    77   18
109   29   39   41   41    82   11
110   50   37   32   32    65    6
111   27   15   20   21    64    9
112   46   19   28   29    85    7
113   33   43   45   45    64   19
114   49   21   32   33    60   16
115   28   13   21   22    92    6
116   21   43   34   33    63   10
117   26   49   44   43    91    4
118   27   48   52   51    95   11
119   33   17   17   18    84    0
120   49   21   29   30    78    8
121   30   37   46   46    93   13
122   25   47   49   48    74   18
123   40   49   47   47    81    9
124   22   28   38   38    88   15
125   44   27   36   36    70   14
126   25   28   35   35    61   18
127   17   40   36   35    68   12
128   28   29   31   31    71   11
129   43   36   47   47    71   20
130   33   15   14   14    61    2
131   46   37   47   48    70   20
132   17   28   23   23    87    1
133   19   27   37   36    98   12
134   35   34   49   49    96   16
135   37   24   23   23    77    2
136   33   42   60   60   100   20
137   23   23   23   23    77    5
138   28   31   36   36    92    8
139   38   32   38   38    81   11
140   36   20   19   20    68    3
141   27   33   44   43    78   19
142   23   43   40   39    85    7
143   15   26   36   36    89   15
144   49   39   48   49    81   15
145   25   22   30   31    68   15
146   15   50   32   31    60    7
147   27   36   40   40    83   12
148   38   21   23   23    75    4
149   24   31   22   22    74    0
150   11   48   48   47    95   11
151   35   29   30   30    96    1
152   31   22   33   33    61   18
153   24   12   26   26    74   15
154   13   20   21   21    98    3
155   11   19   19   19    92    3
156   40   49   32   31    61    3
157   45   28   47   48    94   17
158   10   23   21   20    84    4
159   18   35   38   37    86   11
160   37   39   52   52    96   15
161   18   10   19   20    62   12
162   20   38   38   38    71   14
163   26   11   22   22    69   12
164   37   42   37   37    74    7
165   24   21   35   35    78   18
166   21   16   28   28    70   16
167   24   41   50   50    90   17
168   41   37   36   36    86    3
169   27   31   35   35    80   11
170   46   26   29   29    81    4
171   28   16   18   18    63    6
172   12   10   23   23    87   14
173   13   34   38   37    89   12
174   34   35   48   48    91   16
175   46   19   31   32    90    8
176   25   40   38   38    99    2
177   46   49   43   42    86    1
178   50   19   20   21    76    0
179   48   26   43   44    82   18
180   36   46   39   39    69    9
181   37   20   16   16    61    1
182   26   36   35   34    85    6
183   23   21   32   32    68   17
184   18   46   42   41    84    9
185   41   30   34   35    96    3
186   42   40   42   42    84    8
187   35   24   29   29    93    4
188   19   49   29   28    61    3
189   50   33   27   27    65    3
190   33   18   13   13    61    0
191   33   43   32   32    79    0
192   35   45   39   39    62   13
193   42   39   42   42    61   18
194   13   19   29   29    65   18
195   12   45   48   46    98   11
196   34   16   22   22    88    4
197   18   42   37   36    95    2
198   44   35   43   43    67   18
199   13   45   33   33    81    3
200   41   35   52   52    96   17
