index 367
DMU 200
input 2
output 2
instance 7
DMU   i1   i2   o1   o2   eff  err
  1   13   38   26   22    81    3
  2   42   41   46   46    78   14
  3   31   15   32   34    60   19
  4   10   45   33   28    67   12
  5   14   42   46   41    90   18
  6   11   29   28   25    76   11
  7   29   32   26   25    80    1
  8   38   46   49   48    87   12
  9   20   32   41   39    95   15
 10   11   16   18   17    94    5
 11   29   17   28   30    91    8
 12   34   12   32   36    97   12
 13   19   12   18   19    87    5
 14   47   38   41   42    74   10
 15   17   18   15   15    80    1
 16   26   10   33   37    95   18
 17   35   39   29   29    70    3
 18   49   16   46   52    97   18
 19   38   36   39   39    83    8
 20   27   42   31   29    81    2
 21   20   14   18   19    81    5
 22   10   35   28   23    93    4
 23   48   46   60   60    90   18
 24   50   23   32   37    87    3
 25   22   38   28   26    76    4
 26   48   38   39   40    71    9
 27   24   39   32   30    65   10
 28   35   34   46   46    82   18
 29   21   40   31   28    93    1
 30   13   37   41   37    82   18
 31   36   30   33   34    78    8
 32   19   16   25   26    76   12
 33   11   49   50   42    99   16
 34   18   20   17   16    87    0
 35   20   32   31   29    78   10
 36   29   37   34   33    83    6
 37   18   17   33   33    82   19
 38   39   40   45   44    72   16
 39   24   44   41   38    62   18
 40   16   13   24   25    74   14
 41   29   26   41   42    92   16
 42   42   47   52   51    94   10
 43   14   26   21   20    67    7
 44   18   12   21   22    80   10
 45   42   50   56   54    85   16
 46   30   36   37   36    86    8
 47   45   30   37   39    64   14
 48   14   28   34   32    99   12
 49   41   44   50   50    80   16
 50   21   29   28   27    89    5
 51   19   30   22   20    78    2
 52   11   43   23   19    70    2
 53   46   45   45   45    73   12
 54   16   31   39   36    86   17
 55   40   22   29   32    85    4
 56   45   18   20   24    61    3
 57   11   13   20   20    82   10
 58   13   45   36   29    94    5
 59   43   46   44   44    83    7
 60   12   10   28   28    89   18
 61   49   29   45   48    84   14
 62   18   39   40   37    71   18
 63   25   47   42   38    92    7
 64   29   22   33   34    67   16
 65   15   44   47   41    98   15
 66   20   46   49   45    81   20
 67   32   38   29   28    75    2
 68   17   14   11   11    70    0
 69   48   25   28   32    74    3
 70   13   22   20   19    75    6
 71   41   28   29   31    68    7
 72   43   36   43   44    84   10
 73   32   16   35   37    72   19
 74   39   21   37   40    69   18
 75   17   48   39   32    99    3
 76   36   45   31   30    67    3
 77   27   30   46   45    99   17
 78   49   46   46   46    86    5
 79   30   30   35   35    96    6
 80   46   39   36   37    77    4
 81   37   49   32   31    64    4
 82   47   23   33   38    85    6
 83   32   50   37   35    68    8
 84   42   35   34   35    90    0
 85   18   43   29   25    71    5
 86   12   35   36   33    70   18
 87   35   11   21   24    72    6
 88   19   29   30   29    63   14
 89   46   49   40   40    78    3
 90   17   47   47   42    88   16
 91   21   49   45   40    89   11
 92   48   45   47   48    96    3
 93   25   40   41   38    84   12
 94   14   32   36   32    98   11
 95   21   37   31   28    97    1
 96   23   14   23   24    74   10
 97   41   16   26   31    98    1
 98   22   11   28   30    79   16
 99   33   26   46   47    94   19
100   45   27   38   42    84   10
101   17   12   13   14    87    1
102   33   17   32   34    62   18
103   18   30   44   41    98   19
104   26   35   30   29    86    3
105   38   25   33   36    98    4
106   43   15   21   26    78    1
107   45   15   23   27    64    6
108   11   12    9    9    77    0
109   42   34   47   48    76   19
110   43   46   34   34    67    4
111   41   46   47   46    70   16
112   43   47   51   51    78   16
113   13   36   25   21    77    4
114   15   33   33   30    78   13
115   32   38   37   36    66   13
116   42   49   61   60    95   17
117   30   43   28   26    62    4
118   49   41   53   55    82   17
119   14   45   34   28    84    6
120   45   22   36   39    67   15
121   13   47   36   29    93    4
122   23   48   46   42    89   12
123   13   43   29   24    82    3
124   47   24   25   29    74    1
125   47   19   35   40    87    9
126   11   46   42   36    83   15
127   23   23   23   23    95    1
128   21   34   20   18    66    1
129   14   20   16   15    89    0
130   21   18   27   27    67   14
131   33   14   24   27    66   10
132   36   42   42   42    64   17
133   29   48   39   36    82    6
134   14   43   29   24    83    3
135   21   29   43   42    97   18
136   19   43   45   41    73   20
137   40   41   39   39    65   13
138   35   27   27   28    72    5
139   14   44   32   27    78    7
140   36   43   31   30    62    6
141   10   14   13   12    90    2
142   43   46   41   40    80    5
143   28   17   17   18    64    3
144   38   40   48   48    77   18
145   36   12   36   40    93   16
146   26   39   34   32    85    5
147   31   20   38   40    87   17
148   32   19   25   27    98    1
149   26   17   38   40    90   20
150   19   32   30   28    65   12
151   28   45   42   39    97    5
152   48   23   37   41    73   13
153   47   15   38   44    95   12
154   26   27   29   29    88    6
155   47   46   49   50    70   17
156   42   11   29   34    70   13
157   14   15   13   13    77    2
158   31   48   44   41    83   10
159   13   21   23   22    75   10
160   12   49   46   39    96   13
161   17   34   24   21    81    2
162   16   36   33   30    83   10
163   34   32   49   50    90   20
164   48   16   29   33    66   10
165   44   40   42   43    78   10
166   34   22   30   32    86    7
167   15   47   51   45    93   19
168   18   33   28   25    99    1
169   24   23   35   35    85   15
170   49   15   23   28    72    3
171   11   42   31   24    95    2
172   35   13   33   37    86   15
173   15   43   36   31    85    9
174   47   21   33   37    69   12
175   43   42   49   49    98    7
176   48   47   44   44    74    9
177   47   11   28   35    93    5
178   16   31   24   22    84    3
179   48   50   35   35    66    3
180   29   22   41   42    89   19
181   38   39   37   37    75    8
182   26   47   42   38    82   10
183   11   35   29   26    71   11
184   31   31   41   41    98   11
185   45   40   43   44    69   14
186   19   31   19   17    69    1
187   15   12   23   24    70   14
188   33   11   30   35    94   12
189   33   17   32   34    80   13
190   44   12   29   33    65   13
191   27   29   36   35    98    8
192   21   14   19   20    84    5
193   33   29   40   40    87   13
194   43   15   19   23    62    3
195   12   48   28   22    76    2
196   48   32   34   37    85    2
197   33   13   29   34    99    9
198   43   34   45   47    86   13
199   41   32   36   38    85    6
200   27   34   44   42    88   16
