index 428
DMU 200
input 4
output 4
instance 8
DMU   i1   i2   i3   i4   o1   o2   o3   o4   eff  err
  1   27   42   30   36   27   26   27   27    62    6
  2   47   17   17   42   45   52   47   45    89   18
  3   43   34   20   43   50   55   52   50    94   18
  4   48   27   29   35   37   41   38   37    78   10
  5   50   14   31   49   39   45   41   39    82   10
  6   32   40   39   27   36   33   35   36   100    1
  7   38   43   13   47   36   40   38   36    85    7
  8   24   40   31   12   18   16   17   19    61    2
  9   48   20   12   33   29   34   31   29    66   11
 10   31   47   30   17   28   26   27   29    62    9
 11   17   28   26   38   37   36   37   36    70   18
 12   46   47   16   48   42   48   45   43    99    5
 13   26   48   36   42   35   32   34   35    76    6
 14   14   22   44   45   45   41   44   42    84   17
 15   23   28   46   21   40   36   38   39    67   19
 16   23   20   42   36   28   26   27   27    86    1
 17   47   44   41   26   35   35   35   36    64   10
 18   27   41   47   23   37   31   35   37    99    2
 19   28   49   22   41   40   40   41   40    71   16
 20   25   38   49   11   27   22   25   28    74    4
 21   39   25   46   35   40   40   40   40    68   15
 22   15   27   36   12   26   22   24   26    67   10
 23   28   13   40   45   35   36   35   33    89    6
 24   19   29   18   20   28   27   28   29    86   10
 25   28   20   37   30   24   24   24   24    79    1
 26   30   14   47   31   35   34   34   34    69   13
 27   32   36   40   24   37   35   36   38    79   11
 28   12   28   22   48   32   31   32   30    67   13
 29   11   42   39   19   38   32   36   38    74   17
 30   13   19   31   38   24   22   24   22    72    5
 31   46   48   31   45   57   59   58   57    91   19
 32   49   17   27   36   40   46   41   40    87   12
 33   35   34   33   15   41   41   41   42    73   20
 34   23   19   23   32   19   20   20   19    67    3
 35   29   33   13   19   27   28   28   28    71   11
 36   31   17   16   23   24   28   25   24    99    3
 37   48   41   29   38   40   43   41   41    78   10
 38   22   24   40   32   40   38   40   39    70   19
 39   38   25   21   41   46   50   48   46    97   16
 40   15   47   17   21   30   28   30   31    62   15
 41   32   33   26   16   26   26   26   27    87    3
 42   12   44   38   43   27   23   26   26    68    3
 43   10   12   37   35   31   28   30   28    91    8
 44   42   45   14   22   28   31   29   30    80    5
 45   46   39   38   40   47   49   48   48    92   10
 46   18   49   36   38   37   33   36   37    74   11
 47   34   34   20   46   28   30   29   27    63    7
 48   32   17   49   40   38   37   37   36    89    6
 49   45   28   14   34   27   32   29   27    78    4
 50   40   24   25   49   31   34   32   30    61   10
 51   45   45   39   23   44   44   43   45    85   12
 52   34   26   11   39   26   30   28   26    69    8
 53   36   12   47   12   29   28   27   29    70    9
 54   37   32   45   11   25   23   24   26    70    3
 55   41   18   49   38   40   40   39   39    63   16
 56   41   24   22   41   43   47   45   43    80   18
 57   24   38   49   41   29   26   28   28    62    5
 58   30   40   44   39   47   44   46   46    90   12
 59   19   31   26   12   26   23   25   27    90    6
 60   37   40   21   41   44   47   46   45    98   11
 61   35   35   11   26   30   32   31   31    62   14
 62   43   24   16   35   25   29   27   25    67    6
 63   37   20   46   28   43   43   43   43    78   17
 64   38   12   22   13   23   27   23   24    94    3
 65   38   30   28   13   25   26   25   26    61    9
 66   26   50   45   44   36   33   35   36    75    5
 67   38   31   28   42   47   49   48   46    86   17
 68   15   39   39   24   34   30   33   34    75   12
 69   34   34   42   26   35   33   34   35    89    4
 70   22   29   43   35   46   42   44   44    89   16
 71   49   29   29   11   25   28   26   27    81    2
 72   15   27   15   31   26   26   27   26    70   11
 73   16   20   30   32   32   31   32   31    76   13
 74   39   41   17   13   36   37   36   38    72   17
 75   11   13   33   43   25   23   25   23    64    8
 76   50   34   24   27   38   42   39   39    91    8
 77   35   27   14   11   28   30   28   29    80   11
 78   15   47   24   13   29   25   28   29    60   14
 79   22   11   12   27   29   32   31   29    76   16
 80   23   37   46   41   27   24   26   26    61    4
 81   39   22   35   41   31   33   32   30    87    1
 82   35   33   47   12   33   30   31   34    90    4
 83   10   14   50   30   30   26   28   28    67   11
 84   14   21   13   46   41   42   42   39    98   18
 85   36   45   16   45   23   26   25   24    63    2
 86   41   16   33   44   44   48   46   43    90   14
 87   32   45   23   15   25   24   24   27    85    1
 88   18   24   21   31   28   28   28   27    85    8
 89   18   26   47   30   25   21   23   23    71    2
 90   26   38   18   22   33   33   33   34    64   17
 91   36   30   19   29   40   43   41   41    87   16
 92   47   18   34   27   28   31   28   28    84    1
 93   31   12   42   15   35   34   34   35    88   12
 94   29   43   34   39   52   50   52   52    99   16
 95   43   13   43   41   27   29   28   26    73    1
 96   44   12   21   29   34   39   35   34    87   11
 97   13   42   11   24   38   36   38   39    88   19
 98   33   17   27   39   37   40   38   36    98    8
 99   13   16   40   37   29   26   28   27    67   10
100   16   46   29   19   34   30   33   35    89   10
101   22   35   39   48   41   39   41   40    66   17
102   34   10   32   13   30   31   30   31    80   12
103   12   44   18   39   34   32   34   33    75   13
104   34   43   46   23   51   48   50   52    85   20
105   28   33   29   47   38   38   38   37    87    8
106   11   14   43   15   39   34   37   38    94   18
107   25   48   21   11   36   33   35   37    85   14
108   19   19   33   36   26   25   26   25    68    7
109   46   44   42   12   33   32   32   35    82    4
110   39   39   25   31   41   43   42   42    74   17
111   10   20   19   12   16   14   15   16    68    5
112   17   40   26   11   28   24   26   29    94    6
113   12   25   26   37   35   33   35   33    98   10
114   41   16   50   45   41   42   41   39    94    4
115   38   20   50   42   36   36   36   35    81    5
116   43   46   19   34   35   38   36   37    94    3
117   19   16   29   10   24   23   24   25    60   13
118   17   31   29   23   37   34   36   37    88   15
119   16   35   18   11   25   23   25   26    78   10
120   35   35   13   10   14   15   14   15    62    0
121   48   49   39   35   53   54   53   54    86   17
122   31   39   35   40   47   46   47   47    89   15
123   42   49   49   41   48   46   47   48    94    5
124   47   14   16   45   30   38   33   30    84    5
125   33   26   24   19   22   23   22   22    78    2
126   34   25   22   35   31   34   32   31    87    6
127   36   21   15   31   38   42   39   38    76   19
128   25   24   34   40   44   44   44   43    78   20
129   38   22   32   23   28   29   28   28    69    8
130   23   24   35   18   33   31   32   33    75   14
131   33   39   44   18   39   36   37   39    70   15
132   14   41   13   29   20   19   20   20    64    5
133   20   28   48   28   42   37   40   41    79   16
134   31   37   13   20   25   27   26   26    87    4
135   42   34   36   33   49   50   49   49    80   20
136   10   39   36   49   26   22   25   24    69    2
137   11   49   19   33   31   28   30   31    72   11
138   35   27   21   25   36   38   37   37    62   20
139   43   27   40   11   37   37   36   38    95    8
140   49   48   42   48   49   50   50   49    65   19
141   50   44   47   16   35   34   34   37    67    9
142   35   12   21   32   36   40   37   36    81   16
143   45   17   36   12   20   22   20   21    62    3
144   23   45   13   19   18   18   18   19    60    4
145   43   25   11   46   47   54   50   47    89   20
146   35   27   40   21   27   26   26   27    69    5
147   22   25   21   40   23   24   24   23    68    5
148   45   13   18   11   20   24   21   21    74    4
149   23   46   29   30   28   26   28   29    74    5
150   23   39   20   38   37   37   38   37    62   19
151   49   23   10   16   24   32   27   27    93    3
152   27   43   42   37   39   36   38   39    78   10
153   45   38   20   13   25   27   25   26    60    8
154   23   22   14   37   25   26   26   24    62   10
155   41   34   30   11   38   38   37   39    86   13
156   25   14   45   38   30   29   29   28    71    7
157   33   41   19   27   40   42   41   42    81   17
158   47   40   21   12   47   50   48   50    99   19
159   23   26   10   10   23   24   23   24    79   10
160   32   47   20   38   43   44   44   43    78   17
161   11   24   33   46   19   17   19   17    61    1
162   22   30   21   18   33   33   33   34    73   17
163   20   15   12   17   17   19   18   17    90    3
164   15   31   12   18   22   21   22   22    96    4
165   28   13   13   27   17   20   18   17    84    0
166   43   37   27   19   28   30   29   30    73    6
167   41   41   41   16   34   33   33   36    87    4
168   37   32   50   10   39   36   37   40    66   17
169   44   33   32   37   46   48   47   46    75   19
170   39   21   11   39   19   24   21   19    62    3
171   45   17   49   31   40   41   40   40    60   18
172   32   11   23   15   36   38   36   36    78   20
173   26   39   22   23   32   32   32   33    64   15
174   26   46   28   22   29   27   29   30    64   10
175   35   24   49   46   26   26   26   25    66    0
176   26   10   24   39   29   31   30   27    82    8
177   12   44   38   29   37   30   35   36    88    9
178   17   40   39   47   32   29   32   31    78    4
179   18   12   50   38   35   32   33   32    78   10
180   18   39   16   41   24   24   25   24    77    3
181   41   44   50   13   40   37   38   41    69   14
182   29   45   29   22   43   41   42   44    97   13
183   46   36   21   21   36   40   37   38    88   10
184   11   39   26   41   22   19   22   21    64    3
185   39   48   15   27   36   38   37   38    85   10
186   35   32   10   16   17   20   18   19    61    4
187   46   48   49   45   38   37   38   38    61    9
188   46   13   23   25   27   33   29   28    95    2
189   33   30   48   49   45   44   44   43    70   16
190   17   20   42   21   38   34   36   37    96   13
191   19   48   15   49   21   21   22   21    64    1
192   45   37   49   46   36   36   36   36    61    9
193   46   26   30   14   45   48   46   47    89   20
194   28   26   31   38   31   31   31   30    73    8
195   45   16   36   40   46   50   47   45    81   18
196   28   13   32   37   22   23   22   21    71    2
197   21   26   14   40   23   24   24   22    69    6
198   13   12   16   17   28   28   28   28    89   15
199   29   41   26   24   33   32   32   33    63   14
200   44   38   38   25   52   53   52   53    92   19
