index 452
DMU 200
input 5
output 5
instance 2
DMU   i1   i2   i3   i4   i5   o1   o2   o3   o4   o5   eff  err
  1   25   50   38   48   42   42   39   42   43   40    90    5
  2   23   49   15   40   49   46   45   48   48   44    96   12
  3   46   14   42   48   24   44   49   46   46   47    83   18
  4   35   12   46   17   36   28   29   26   26   29    69    8
  5   29   13   34   42   19   21   23   22   22   22    82    0
  6   46   47   42   31   20   45   42   44   43   44    91    9
  7   36   44   25   49   30   53   53   56   55   52    93   19
  8   28   39   35   23   26   34   30   32   32   33    96    3
  9   30   38   13   26   17   35   34   38   36   34    95   11
 10   50   11   32   44   13   31   37   35   33   34    80   10
 11   49   43   47   48   28   38   38   39   38   38    79    4
 12   11   41   46   38   29   30   25   27   29   28    81    2
 13   44   36   33   36   45   40   42   41   40   40    99    2
 14   11   19   26   22   13   25   24   24   25   25    72   12
 15   19   40   48   32   30   40   36   37   38   38    69   15
 16   36   18   47   16   47   40   41   36   36   41    97    8
 17   42   50   34   27   18   55   51   54   53   53    97   19
 18   43   16   15   34   33   41   47   44   43   43    85   19
 19   40   49   38   34   15   41   38   41   41   40    95    6
 20   14   23   13   39   35   35   37   38   38   35    97   13
 21   14   19   20   50   10   24   26   28   28   25    95    5
 22   11   27   50   12   41   43   38   36   39   42    96   14
 23   45   33   26   20   39   35   37   36   34   36    95    4
 24   38   30   49   19   30   42   41   40   40   42    70   18
 25   13   41   42   43   40   44   40   42   44   42    96    9
 26   44   46   35   28   24   49   47   49   48   49    95   14
 27   24   13   19   39   16   35   38   38   38   36    91   17
 28   21   35   38   24   30   30   27   28   29   29    87    3
 29   21   25   35   31   33   31   31   30   31   31    73   10
 30   19   49   34   24   34   40   35   38   39   38    65   17
 31   36   22   42   24   31   34   35   33   33   35    75   11
 32   39   15   13   42   27   25   30   29   28   27    69    9
 33   37   46   37   43   26   33   31   33   33   32    69    6
 34   39   47   13   24   41   39   39   41   40   39    63   18
 35   14   14   50   41   43   33   33   31   32   33    61   14
 36   18   15   30   38   26   35   37   36   37   36    86   15
 37   12   18   12   29   48   26   27   26   27   26    71   10
 38   14   46   13   23   45   40   37   40   41   38    92   13
 39   45   40   14   17   35   38   39   39   38   38    80   13
 40   40   23   33   27   33   41   42   41   40   42    68   20
 41   21   37   13   49   46   48   49   51   52   47    92   19
 42   50   18   35   21   39   35   39   36   34   37    84    9
 43   45   38   17   36   19   31   33   35   33   32    89    4
 44   36   15   13   13   43   34   38   35   34   36    72   18
 45   16   14   11   37   35   30   34   33   33   31    87   13
 46   26   17   24   25   22   16   17   16   16   17    68    1
 47   44   14   47   43   20   41   45   42   42   44    87   14
 48   42   14   19   16   37   33   38   34   33   35    83   13
 49   32   23   44   46   37   32   33   32   32   33    80    4
 50   31   40   26   48   45   29   30   31   31   29    73    2
 51   41   17   35   23   45   41   45   41   40   43    91   13
 52   34   39   48   43   31   42   41   41   42   42    79   11
 53   32   19   15   10   50   35   37   35   34   35    68   18
 54   49   17   18   27   49   34   40   37   35   36    79   11
 55   11   46   15   47   40   47   45   49   50   45    88   19
 56   20   40   44   49   17   38   35   37   38   37    66   15
 57   47   12   36   42   25   31   37   34   33   34    83    7
 58   31   15   34   22   21   35   36   34   34   36    95   12
 59   23   33   14   35   18   38   38   40   40   38    74   20
 60   42   35   36   32   30   42   42   42   41   42    79   14
 61   42   32   22   42   33   43   46   46   45   44    89   14
 62   37   38   48   11   31   30   26   26   26   29    77    2
 63   35   37   47   28   11   28   26   27   27   28    60    8
 64   45   45   11   14   36   34   34   35   34   34    63   14
 65   32   40   20   30   43   32   32   33   33   32    82    5
 66   40   28   21   18   22   38   39   39   37   38    95   13
 67   39   17   22   29   36   34   39   36   35   36    94    9
 68   29   24   20   28   11   20   21   22   21   20    91    0
 69   20   48   20   18   47   38   34   37   37   36    98    6
 70   29   36   14   28   15   35   34   36   36   34    71   17
 71   42   14   25   43   27   36   41   39   38   38    75   16
 72   43   32   44   17   26   45   43   42   42   45    87   15
 73   20   28   33   32   32   43   42   42   43   42    99   14
 74   16   37   13   39   33   32   31   34   34   31    70   13
 75   28   14   44   44   20   38   39   38   38   39    84   14
 76   35   39   23   36   23   31   31   33   33   31    81    6
 77   23   36   29   26   38   43   41   41   42   42    95   13
 78   48   23   41   41   18   36   40   38   37   39    99    4
 79   50   18   16   48   29   38   46   44   41   41    94   11
 80   42   12   38   18   49   32   35   31   31   34    63   13
 81   18   33   27   14   46   36   33   33   34   34    85   11
 82   20   46   47   32   29   40   34   36   38   38    85    8
 83   28   20   33   34   16   38   39   38   38   39    71   20
 84   16   18   28   19   44   21   21   20   21   21    66    5
 85   33   20   38   39   46   39   42   39   40   41    85   11
 86   33   41   43   19   45   32   29   29   29   31    80    1
 87   20   49   35   21   40   45   40   43   44   43    79   17
 88   38   17   12   41   39   30   35   34   33   32    67   13
 89   48   30   47   29   12   33   33   33   32   34    66   11
 90   47   27   29   49   24   28   32   32   30   30    80    2
 91   18   29   28   24   19   25   22   24   24   24    97    1
 92   19   20   16   41   14   21   23   24   24   22    76    6
 93   46   32   44   47   34   44   46   45   45   45    79   13
 94   21   15   30   37   43   31   33   31   31   31    62   14
 95   41   12   17   18   45   31   36   33   31   33    71   14
 96   32   40   20   20   49   20   20   20   20   20    61    0
 97   20   22   25   15   28   33   32   32   32   33    80   15
 98   27   15   13   39   26   29   33   32   31   30    71   14
 99   28   17   40   31   30   41   42   40   41   42    79   19
100   42   13   16   40   21   36   42   41   39   39    87   16
101   43   26   11   40   42   30   35   34   32   31    71    9
102   21   38   38   22   50   34   31   31   32   33    91    2
103   34   31   41   33   47   48   48   46   47   48    83   17
104   34   26   37   49   13   32   34   34   34   33    93    4
105   22   41   45   39   50   30   28   28   29   29    72    1
106   44   31   12   28   29   36   39   39   37   37    79   14
107   46   18   32   20   24   28   31   28   27   30    77    7
108   23   12   43   35   15   37   37   36   37   38    81   17
109   23   37   25   28   34   25   23   24   25   24    78    1
110   27   22   27   19   35   24   25   23   23   24    70    6
111   50   26   34   48   49   46   51   48   47   48    80   15
112   39   30   33   12   29   40   39   38   37   40    89   13
113   31   11   22   22   20   34   37   35   34   35    76   19
114   26   18   32   40   24   22   23   22   23   22    78    1
115   13   35   12   39   27   36   35   37   38   35    75   17
116   34   18   10   44   39   26   31   30   29   27    78    6
117   11   18   14   11   27   29   28   28   28   28    94   13
118   31   31   41   37   49   52   52   51   51   52    99   15
119   21   22   21   44   13   23   24   25   25   23    61    9
120   49   11   35   46   42   47   55   50   48   50    97   15
121   32   24   25   13   11   28   27   28   27   28    86    9
122   15   42   25   26   21   29   25   28   28   27    70    9
123   48   13   39   16   16   27   30   27   25   30    86    5
124   45   22   38   37   39   41   43   41   41   42    63   19
125   16   28   46   36   35   45   43   42   44   44    80   19
126   17   12   37   18   14   29   28   26   27   29    90   11
127   24   21   36   13   40   22   22   19   20   22    77    1
128   45   25   41   33   35   38   41   38   37   39    89    7
129   46   29   35   20   46   29   30   28   27   29    73    3
130   14   30   33   37   34   25   24   24   26   24    82    1
131   25   41   34   16   49   29   26   26   27   28    80    1
132   41   15   21   25   37   27   32   29   28   29    82    6
133   25   19   48   27   39   29   29   26   27   29    66    8
134   37   18   10   18   43   21   24   23   22   22    60    7
135   41   48   36   40   14   40   38   40   40   39    74   12
136   14   34   41   17   17   24   19   20   21   22    75    3
137   11   49   33   30   50   49   43   46   48   46    86   17
138   14   36   10   27   27   24   23   25   26   23    70    8
139   46   43   12   32   13   19   20   22   20   19    64    0
140   47   49   25   15   45   24   24   24   23   24    61    1
141   20   50   44   46   48   52   47   50   52   50    93   12
142   32   30   38   24   21   41   39   39   39   41   100   11
143   21   40   25   19   24   28   24   27   27   26    93    2
144   20   49   26   38   19   38   34   38   39   36    77   13
145   14   49   40   41   13   50   43   48   50   47    92   19
146   42   31   31   18   40   39   40   38   37   39    81   12
147   31   33   30   28   37   44   44   44   44   44    91   15
148   26   17   40   47   23   29   31   30   31   30    95    2
149   37   19   36   41   34   30   32   30   30   31    63   10
150   38   15   42   31   21   43   46   43   43   45   100   15
151   21   40   20   12   26   34   31   33   33   32    72   15
152   34   14   33   40   28   39   42   40   40   40    75   18
153   42   15   24   45   18   25   30   29   28   27    79    5
154   44   47   12   33   11   33   33   36   35   33    64   14
155   37   48   38   28   14   34   31   34   33   33    68   10
156   39   48   18   41   48   29   30   31   31   29    66    4
157   44   34   48   39   22   44   44   44   44   45    72   17
158   29   36   11   21   44   46   47   47   47   45    99   18
159   11   28   19   45   17   35   34   37   38   34    90   14
160   30   29   26   23   33   46   46   45   45   46    97   18
161   11   15   13   11   33   29   29   28   29   29    66   18
162   48   23   17   15   40   26   30   28   25   27    93    0
163   16   42   12   32   46   21   20   22   22   20    60    3
164   24   17   33   30   19   17   18   17   17   18    68    1
165   13   35   31   30   47   29   27   27   29   28    69    7
166   34   47   35   31   36   54   52   53   54   53    98   17
167   46   37   29   25   34   38   38   38   37   38    74   12
168   26   50   46   24   11   37   30   34   35   35    91    5
169   35   49   47   49   17   34   31   34   34   33    66    7
170   12   31   19   27   13   30   28   30   31   29    70   15
171   48   13   23   37   28   33   39   36   35   36    79   12
172   28   13   32   19   36   29   31   28   28   30    77   10
173   25   23   48   42   30   37   36   35   36   37    75   12
174   44   47   29   40   31   47   47   48   47   46    69   20
175   11   47   46   23   41   39   32   34   36   36    83    8
176   21   23   14   40   29   26   28   28   28   26    75    8
177   28   49   32   43   34   41   39   42   42   40    72   14
178   39   41   43   45   20   41   40   41   41   41    73   13
179   17   23   12   23   10   15   15   16   16   15    76    2
180   34   49   34   40   24   53   50   54   54   52    91   19
181   15   25   45   13   32   38   35   33   35   37    83   15
182   21   42   29   31   32   36   33   35   36   34    86    8
183   27   29   43   19   39   34   32   31   32   34    70   11
184   21   46   27   40   45   38   36   38   40   37    92    5
185   25   11   49   37   20   28   30   27   28   30    98    2
186   37   36   26   47   25   47   49   50   50   47    97   15
187   12   42   33   36   37   46   41   44   46   43    98   13
188   34   31   24   12   45   36   36   35   34   36    89    9
189   30   20   32   45   17   33   35   35   35   34    79   12
190   29   46   32   34   30   33   30   32   33   31    89    1
191   43   29   43   20   38   30   31   28   28   31    86    0
192   34   35   21   11   41   43   43   43   42   43    82   19
193   25   25   29   43   18   42   42   43   43   42    92   17
194   48   46   50   40   21   42   40   41   41   41    96    1
195   40   29   11   24   17   35   37   38   36   35    87   14
196   15   14   20   45   32   26   29   28   28   27    84    7
197   11   36   40   30   42   42   39   39   41   40    69   19
198   10   49   10   30   46   36   33   37   38   34    80   12
199   43   17   22   42   10   26   30   29   28   27    80    6
200   37   16   30   14   25   29   30   28   27   30    81    9
