index 427
DMU 200
input 4
output 4
instance 7
DMU   i1   i2   i3   i4   o1   o2   o3   o4   eff  err
  1   36   30   19   16   19   18   21   18    72    1
  2   11   49   18   20   21   24   23   19    80    2
  3   20   32   29   37   28   29   28   29    63   10
  4   18   17   39   40   20   20   17   20    64    1
  5   24   44   16   13   30   31   33   28    85   10
  6   29   26   42   47   33   33   30   33    78    4
  7   14   26   18   12   24   25   25   23    97    7
  8   42   50   30   36   34   35   37   34    80    4
  9   45   30   14   28   25   24   29   27    72    6
 10   41   44   21   29   49   50   54   50    98   18
 11   19   30   11   43   26   27   28   28    61   12
 12   46   45   16   31   26   26   31   27    72    3
 13   40   22   45   18   45   43   42   44    99   12
 14   11   13   13   45   30   31   30   32    74   16
 15   43   46   12   10   31   31   37   31    79   11
 16   49   29   18   39   30   29   35   33    88    3
 17   25   47   29   22   47   49   48   45    94   18
 18   15   44   20   46   32   35   34   33    88    6
 19   32   38   17   14   27   27   31   26    95    4
 20   48   25   13   22   25   23   30   27    93    2
 21   41   28   43   36   47   46   46   48    96   11
 22   32   16   39   21   24   23   22   24    63    6
 23   17   48   36   45   36   38   36   36    69   11
 24   27   30   49   46   42   43   39   42    64   17
 25   30   30   46   39   45   45   42   45    90   11
 26   37   49   47   23   33   34   33   31    75    3
 27   32   50   42   35   51   52   50   49    76   20
 28   18   43   12   35   24   26   28   25    97    0
 29   35   11   19   29   31   30   32   33    62   17
 30   46   49   17   47   47   48   53   49    83   17
 31   21   49   48   45   54   57   52   53    89   17
 32   25   40   14   32   22   23   25   23    67    5
 33   21   37   23   14   20   21   21   19    68    4
 34   41   16   22   11   22   20   23   22    85    3
 35   33   26   45   27   41   40   38   40    86   11
 36   17   12   33   17   28   27   24   27    80   10
 37   18   30   26   35   40   41   40   41    83   18
 38   38   25   43   15   35   34   33   33    87    7
 39   45   15   11   12   39   36   43   40    98   20
 40   42   34   43   46   57   57   56   58    97   17
 41   41   46   43   47   34   34   34   34    70    3
 42   13   36   15   33   40   42   42   40    86   20
 43   32   38   42   49   38   39   37   38    67   11
 44   30   43   49   41   49   50   47   48    81   15
 45   14   45   45   22   50   52   47   46    92   19
 46   13   47   23   48   34   38   36   35    94    5
 47   13   43   47   24   33   35   29   30    81    5
 48   47   19   11   46   43   41   48   48    98   16
 49   23   23   21   34   30   30   30   31    69   13
 50   14   20   21   18   21   21   20   20    95    3
 51   33   14   36   42   37   36   35   39    76   13
 52   29   48   14   43   35   37   39   36    73   13
 53   21   29   19   43   38   39   40   40    96   13
 54   40   41   35   27   36   36   37   36    62   14
 55   14   44   36   43   31   33   30   31    67    8
 56   10   14   43   46   28   28   23   28    75    5
 57   28   17   38   40   40   39   37   41    85   13
 58   36   12   26   39   37   36   37   39    68   18
 59   31   20   32   19   22   21   21   21    66    4
 60   26   17   19   32   27   26   27   28    91    6
 61   28   45   48   23   32   33   30   30    69    6
 62   47   15   26   27   40   38   40   41    73   19
 63   47   46   42   11   44   44   45   42    83   13
 64   14   15   31   48   30   31   28   32    67   12
 65   13   21   12   49   23   24   24   26    75    7
 66   17   34   16   36   42   44   44   43    95   19
 67   34   32   48   16   33   32   30   30    91    1
 68   44   40   34   22   38   37   39   37    82    9
 69   15   47   18   33   36   39   38   35    89   12
 70   24   23   49   15   41   40   35   38    91   12
 71   11   42   35   13   23   24   21   20    69    4
 72   15   43   47   21   28   29   24   25    75    2
 73   43   42   48   47   61   61   59   61    96   17
 74   47   11   16   31   29   26   31   32    81    9
 75   48   50   29   22   33   33   35   32    63   10
 76   38   39   26   47   38   38   41   40    98    3
 77   11   35   31   31   39   41   37   38    98   12
 78   45   40   19   31   24   24   27   25    64    4
 79   15   12   33   11   26   26   23   25    80   10
 80   33   17   44   12   36   34   32   34    77   13
 81   27   29   21   14   33   33   34   32    74   16
 82   33   29   43   15   19   19   18   18    60    0
 83   12   48   48   32   45   47   41   42    85   13
 84   33   13   43   34   34   32   30   34    88    5
 85   41   32   27   34   34   33   36   35    80    8
 86   31   28   10   17   26   26   30   27    77   11
 87   40   26   30   37   30   29   31   32    84    3
 88   45   44   41   47   39   39   40   40    74    7
 89   37   24   30   45   43   42   43   45    81   16
 90   20   47   33   31   31   33   31   30    67    9
 91   31   43   40   37   32   32   31   31    70    5
 92   26   21   15   32   17   17   18   18    72    1
 93   43   32   28   26   34   34   36   34    64   14
 94   49   37   28   33   38   37   41   39    95    4
 95   32   22   12   24   22   21   24   23    66    8
 96   42   44   17   30   42   42   47   43    84   16
 97   35   36   14   49   28   29   32   30    67    8
 98   30   39   28   20   24   24   25   23    74    2
 99   23   36   35   11   39   39   38   37    75   18
100   32   44   33   39   45   46   46   45    75   18
101   34   21   42   17   36   34   32   34    93    7
102   48   31   25   20   37   35   40   37    86   11
103   24   25   18   34   37   37   39   39   100   13
104   22   19   49   17   40   40   35   38    80   16
105   49   36   46   27   33   32   32   32    64    7
106   14   35   18   40   34   36   35   35    72   16
107   21   20   22   13   31   31   31   30    61   19
108   28   38   39   46   33   33   32   33    73    5
109   34   48   47   24   46   47   44   43    90   10
110   48   29   44   34   33   32   32   33    76    3
111   37   12   48   36   31   30   28   31    62    9
112   48   28   14   27   32   30   37   34    99    5
113   26   17   20   28   40   39   41   41    95   19
114   27   28   16   45   43   44   46   46    97   17
115   12   32   34   17   28   30   26   26    76    9
116   43   39   32   24   26   26   28   26    77    0
117   37   33   45   16   53   52   50   50    96   19
118   39   17   16   14   28   27   30   29    64   15
119   32   33   47   23   36   36   34   35    65   13
120   15   22   28   12   16   17   15   15    69    2
121   40   30   14   27   36   36   40   38    76   17
122   43   35   37   48   32   31   32   33    72    3
123   40   15   47   23   52   49   48   51    98   19
124   45   38   20   20   41   40   44   41    74   19
125   27   33   25   46   42   43   43   44    84   16
126   31   33   40   16   34   34   32   31    97    3
127   28   36   43   49   36   37   34   36    83    3
128   35   22   45   36   42   41   40   42    73   16
129   35   19   48   24   34   33   30   33    76    8
130   43   34   16   39   40   40   45   43    90   13
131   25   32   21   48   48   49   50   50   100   18
132   19   19   20   44   41   42   41   43    91   19
133   30   15   48   34   52   50   46   52    96   19
134   37   12   26   35   33   31   33   35    89    9
135   49   36   35   38   49   48   50   50    85   16
136   15   38   48   34   45   47   41   43    86   14
137   46   32   12   34   24   23   28   26    74    3
138   40   21   25   34   31   30   32   32    69   11
139   20   30   12   45   39   41   42   42    84   19
140   15   45   26   14   31   33   31   28    78   11
141   20   17   46   17   46   45   40   44    95   19
142   17   28   30   46   33   34   31   34    92    5
143   13   45   26   34   26   28   26   25    62    8
144   41   10   29   22   26   24   26   27    82    5
145   48   42   46   39   57   57   57   57    96   15
146   42   31   23   30   28   27   30   29    88    1
147   42   26   38   34   39   38   38   39    61   17
148   41   20   14   15   22   20   26   23    95    2
149   34   43   17   15   24   24   27   23    72    5
150   31   21   24   46   35   35   36   37    73   14
151   37   46   24   42   30   31   33   31    85    0
152   39   50   13   11   24   24   28   23    68    6
153   16   21   23   31   34   34   33   34    75   17
154   49   47   16   17   34   34   41   34    98    5
155   45   19   21   17   24   23   26   25    74    6
156   18   21   27   11   20   20   18   18    91    1
157   20   46   22   39   43   45   45   43    85   17
158   15   41   32   15   30   32   29   28    75   10
159   34   31   12   31   32   32   36   34    74   14
160   11   42   48   30   44   46   39   41    90   12
161   12   46   48   17   51   54   47   46    98   18
162   19   12   21   10   32   31   31   31    85   18
163   48   17   42   41   29   26   27   30    76    0
164   17   35   35   43   20   21   19   20    62    0
165   18   44   22   41   31   33   33   31    96    2
166   18   35   15   12   30   31   32   29    72   16
167   27   41   11   12   24   24   27   23    65   10
168   11   39   29   44   39   41   39   39    67   19
169   22   15   46   49   46   46   41   47    96   13
170   35   21   24   23   39   37   40   39    97   14
171   15   21   16   46   36   37   36   38    69   20
172   41   19   44   11   32   30   29   30    73    9
173   50   33   19   37   37   36   42   39    96    6
174   33   21   44   35   48   47   45   48    87   18
175   15   31   30   37   42   44   41   42    92   16
176   14   30   49   31   32   33   27   30    76    6
177   31   25   48   12   29   27   24   26    82    2
178   39   16   14   40   32   31   35   35    77   13
179   27   33   23   29   35   36   37   35    96    9
180   20   17   17   47   22   22   23   24    64    7
181   26   30   31   32   38   38   38   38    77   15
182   38   12   38   34   23   22   22   24    65    3
183   36   37   26   21   35   34   37   34    90    8
184   36   17   15   15   21   20   23   22    81    5
185   29   36   23   41   34   35   36   35    78   10
186   25   40   32   22   33   34   33   31   100    3
187   46   43   18   45   37   38   42   40    79   10
188   40   45   21   36   36   37   40   37    85    8
189   14   26   21   18   30   31   29   29    98   10
190   26   16   39   37   40   39   37   40    70   18
191   34   28   47   39   36   36   33   36    70    9
192   22   19   22   33   30   30   30   31    97    7
193   46   17   38   27   37   35   36   37    63   16
194   50   46   46   15   42   41   42   39    94    4
195   16   44   48   29   47   49   44   45    74   20
196   48   43   18   24   33   32   39   33    96    3
197   33   44   14   43   47   48   52   49    95   18
198   47   42   46   32   37   36   36   36    67    8
199   14   43   39   21   31   33   29   28    97    1
200   34   23   26   49   27   27   28   30    84    1
