index 487
DMU 250
input 2
output 2
instance 7
DMU   i1   i2   o1   o2   eff  err
  1   49   29   25   28    70    0
  2   18   39   28   25    67    6
  3   25   47   59   54    96   20
  4   29   22   23   24    67    7
  5   15   44   33   29    67   10
  6   20   46   44   39    78   14
  7   32   38   46   45    80   17
  8   17   14   28   29    96   14
  9   48   25   37   40    63   17
 10   13   22   34   32    95   16
 11   41   28   42   44    76   18
 12   43   36   33   34    84    1
 13   32   16   23   26    91    4
 14   39   21   18   20    60    2
 15   17   48   45   40    79   15
 16   36   45   37   36    72    7
 17   27   30   36   36    98    8
 18   49   46   62   63    92   19
 19   30   30   30   30    96    1
 20   46   39   48   49    89   11
 21   37   49   56   53    92   14
 22   47   23   29   33    81    4
 23   32   50   36   34    73    4
 24   42   35   42   43    80   12
 25   18   43   45   41    92   13
 26   12   35   31   27    76   10
 27   35   11   28   33    88   12
 28   19   29   35   33    84   13
 29   46   49   63   62    91   19
 30   17   47   45   41    70   19
 31   21   49   31   27    64    5
 32   48   45   43   43    65   13
 33   25   40   34   31    84    4
 34   14   32   36   32    93   11
 35   21   37   37   35    67   16
 36   23   14   28   29    65   17
 37   41   16   30   35    81   11
 38   22   11   29   31    71   19
 39   33   26   25   26    74    4
 40   45   27   48   52    96   17
 41   17   12   20   21    87    8
 42   33   17   28   31    96    7
 43   18   30   37   36    74   18
 44   26   35   31   29    92    1
 45   38   25   29   31    89    3
 46   43   15   31   37   100    7
 47   45   15   28   32    63   13
 48   11   12   11   11    61    4
 49   42   34   27   28    66    3
 50   43   46   48   48    71   16
 51   41   46   36   36    73    4
 52   43   47   44   43    81    7
 53   13   36   40   35    99   11
 54   15   33   31   27    97    4
 55   32   38   31   30    66    7
 56   42   49   48   47    67   17
 57   30   43   52   49    95   15
 58   49   41   41   42    69   11
 59   14   45   40   35    71   15
 60   45   22   36   39    67   16
 61   13   47   30   25    68    5
 62   23   48   37   33    71    8
 63   13   43   44   39    77   18
 64   47   24   29   32    61   10
 65   47   19   20   25    70    1
 66   11   46   53   46    96   19
 67   23   23   36   36    72   19
 68   21   34   29   26    89    2
 69   14   20   22   21    65   10
 70   21   18   25   26    91    8
 71   33   14   23   27    82    7
 72   36   42   26   25    65    0
 73   29   48   47   44    84   12
 74   14   43   42   37    81   14
 75   21   29   26   25    62   10
 76   19   43   37   33    81    8
 77   40   41   37   37    61   12
 78   35   27   34   36    92    7
 79   14   44   45   39    98   11
 80   36   43   37   35    80    4
 81   10   14   13   12    62    5
 82   43   46   49   49    96    6
 83   28   17   22   24    98    2
 84   38   40   44   44    67   18
 85   36   12   16   20    69    3
 86   26   39   34   32    62   12
 87   31   20   20   21    71    3
 88   32   19   21   22    60    7
 89   26   17   27   29    98    8
 90   19   32   26   24    67    7
 91   28   45   54   50    92   17
 92   48   23   41   46    91   13
 93   47   15   37   41    67   20
 94   26   27   33   33    85   10
 95   47   46   41   42    85    2
 96   42   11   25   31    93    6
 97   14   15   11   11    68    1
 98   31   48   46   43    94    6
 99   13   21   28   27    72   15
100   12   49   42   35    91    8
101   17   34   21   18    68    1
102   16   36   44   41    85   19
103   34   32   39   39    65   18
104   48   16   34   38    62   18
105   44   40   40   40    77    8
106   34   22   32   35    91    9
107   15   47   41   36    61   18
108   18   33   20   18    62    2
109   24   23   16   16    61    2
110   49   15   27   33    89    4
111   11   42   34   28    79    8
112   35   13   25   29    94    6
113   15   43   44   39    72   19
114   47   21   26   29    65    7
115   43   42   53   53    96   12
116   48   47   65   65    99   18
117   47   11   30   36    85   11
118   16   31   26   23    71    7
119   48   50   45   44    74    8
120   29   22   33   34    73   15
121   38   39   45   45    65   20
122   26   47   45   42    71   16
123   11   35   36   33    66   18
124   31   31   44   44    96   14
125   45   40   51   52    91   13
126   19   31   32   30    69   13
127   15   12   19   20    94    7
128   33   11   15   18    61    4
129   33   17   34   37   100   12
130   44   12   27   33    83    9
131   27   29   37   36    69   17
132   21   14   30   31    87   16
133   33   29   26   27    83    1
134   43   15   28   32    71   11
135   12   48   53   45    94   18
136   48   32   45   48    85   14
137   33   13   13   16    65    1
138   43   34   47   48    81   17
139   41   32   34   35    80    6
140   27   34   35   33    87    7
141   31   28   31   31    64   12
142   10   17   16   15    80    4
143   40   26   38   41    99    8
144   30   37   47   46    81   19
145   45   44   43   43    81    7
146   41   47   50   49    75   16
147   37   24   40   43    98   13
148   30   45   33   31    62    8
149   20   47   41   36    89    7
150   33   31   36   36    66   15
151   31   43   44   43    64   19
152   40   37   47   48    90   13
153   26   21   25   26    77    8
154   15   32   23   20    83    1
155   43   32   44   46    73   18
156   28   26   27   27    79    6
157   49   37   31   32    70    2
158   28   33   25   24    67    4
159   32   22   35   36    67   18
160   12   24   38   35    97   18
161   42   44   37   37    76    4
162   17   30   27   25    80    6
163   35   36   47   47    81   18
164   14   49   45   39    82   14
165   30   39   48   46    88   16
166   28   20   22   23    62    8
167   23   36   39   37    88   11
168   35   11   23   28    84    8
169   32   44   53   50    86   18
170   33   39   34   33    87    2
171   34   21   27   29    76    8
172   42   17   21   24    71    3
173   48   31   46   49    86   15
174   25   20   25   26    67   11
175   24   25   25   25    65    9
176   18   34   39   37    65   20
177   22   19   25   25    79    9
178   49   17   36   42    86   13
179   49   36   48   50    73   19
180   46   27   35   39    91    5
181   14   35   26   23    75    5
182   18   40   49   45    90   19
183   21   20   19   19    82    2
184   22   13   28   30    72   17
185   28   38   41   38    96    7
186   39   46   59   57    93   18
187   34   48   48   46    68   18
188   47   24   34   38    95    4
189   48   29   50   54    90   19
190   44   34   47   49    95   12
191   37   12   15   19    71    1
192   48   36   36   38    86    2
193   48   28   32   35    64   10
194   14   27   18   16    76    1
195   26   17   24   25    71   10
196   20   28   21   20    68    4
197   27   28   28   28    76    7
198   16   45   28   24    66    4
199   12   32   29   25    89    6
200   34   17   37   40    87   18
201   43   39   46   47    84   12
202   32   24   24   25    78    3
203   37   33   45   46    97   12
204   45   16   38   44    89   16
205   39   17   28   31    72   11
206   16   14   13   13    69    3
207   32   33   42   41    72   18
208   47   23   31   35    83    6
209   15   22   23   22    96    4
210   28   12   13   16    67    2
211   40   30   40   42    88   11
212   14   27   24   22    77    6
213   43   35   48   50   100   11
214   37   48   60   58    96   17
215   40   15   33   38    96   11
216   47   23   23   26    65    3
217   45   38   47   47    66   20
218   20   20   19   19    94    0
219   27   33   48   46    98   17
220   25   46   48   45    79   17
221   31   33   49   48    98   17
222   40   16   27   32    93    5
223   28   36   27   26    68    4
224   43   49   38   37    74    3
225   35   22   33   35    83   11
226   45   36   46   48    94   10
227   35   19   33   35    64   18
228   48   24   36   41    93    7
229   43   34   56   58    97   20
230   16   39   46   42    92   17
231   25   32   32   30    96    3
232   21   48   52   48    82   20
233   19   19   23   23    64   11
234   20   44   49   44    93   15
235   30   15   36   39    89   19
236   48   34   32   34    71    5
237   37   12   22   26    84    5
238   26   35   40   38    73   16
239   49   36   43   46    76   13
240   35   38   40   39    99    3
241   15   38   35   32    72   13
242   48   34   44   46    80   13
243   46   32   36   38    63   13
244   12   34   31   28    64   14
245   40   21   31   34    85    8
246   25   34   29   28    78    5
247   20   30   39   37    97   13
248   12   45   46   40    80   18
249   15   45   30   25    72    4
250   26   14   23   26    98    6
