index 573
DMU 250
input 5
output 5
instance 3
DMU   i1   i2   i3   i4   i5   o1   o2   o3   o4   o5   eff  err
  1   41   19   17   13   23   43   38   42   40   40    98   18
  2   22   35   14   38   39   27   27   28   27   29    81    3
  3   13   44   21   24   30   40   41   40   38   40    91   16
  4   38   45   26   43   13   44   43   42   42   43    93   13
  5   45   30   32   46   27   43   42   43   44   43    75   16
  6   42   43   17   38   13   33   31   32   31   31    62   13
  7   16   18   41   25   23   24   27   24   26   25    87    4
  8   39   24   33   22   30   47   45   46   46   45    98   17
  9   28   35   37   35   40   42   43   42   42   42    69   18
 10   33   23   27   17   20   29   27   28   28   27    96    5
 11   46   47   38   29   15   43   40   41   40   40    83   13
 12   36   12   47   38   36   43   45   43   47   44    95   12
 13   43   40   32   20   36   47   43   46   43   44    89   14
 14   36   48   44   33   21   37   37   36   36   35    80    8
 15   38   28   46   45   36   43   44   43   45   43    66   18
 16   34   26   37   42   23   35   37   35   37   36    72   13
 17   11   20   20   34   13   27   29   27   28   28    67   15
 18   29   40   18   30   36   38   37   38   36   38    75   14
 19   19   35   48   22   38   36   37   36   36   36    81   10
 20   48   27   19   13   36   39   35   39   36   37    79   14
 21   19   25   47   34   42   45   49   46   48   47    80   20
 22   41   46   22   24   43   33   31   33   30   32    67    8
 23   48   22   31   36   23   42   41   41   43   41    71   19
 24   44   26   49   16   24   28   26   26   27   25    76    3
 25   38   28   21   29   27   35   33   34   34   34    90    8
 26   27   12   12   25   42   25   24   27   26   26    90    3
 27   31   28   27   11   24   29   27   28   27   27    74   10
 28   24   15   28   28   36   25   26   25   26   26    61    9
 29   13   39   36   13   21   35   36   34   33   34    91   13
 30   11   43   42   29   35   20   22   20   20   21    62    1
 31   13   48   44   27   25   38   40   37   37   38    99    8
 32   35   41   48   27   38   29   29   29   29   29    64    5
 33   29   31   14   50   49   42   44   45   44   46    81   15
 34   33   27   24   32   36   34   33   34   34   34    80    9
 35   11   47   36   25   14   35   37   34   34   35    83   14
 36   20   46   12   39   19   35   35   35   33   35    73   15
 37   15   35   48   33   19   28   31   28   30   29    67   10
 38   50   13   34   47   16   39   39   38   42   39    87   12
 39   39   42   23   23   15   29   26   27   26   26    79    5
 40   47   18   37   13   47   40   37   40   39   38    77   13
 41   45   10   40   39   38   36   36   36   39   36    79    9
 42   12   24   10   36   39   22   24   24   24   25    79    4
 43   32   17   13   12   29   28   26   28   27   27    81   10
 44   19   21   24   24   14   27   28   26   28   27    96    8
 45   29   14   14   50   26   23   24   24   26   25    75    4
 46   45   10   29   12   40   25   23   25   25   24    69    5
 47   17   27   29   27   42   30   32   32   31   32    98    3
 48   25   27   39   36   40   39   41   40   41   41    73   16
 49   35   38   24   13   46   29   26   29   26   27    86    0
 50   13   12   31   47   37   27   31   29   32   31    76    8
 51   32   11   24   33   22   37   38   38   39   38    81   18
 52   27   42   47   14   11   32   31   29   29   28    93    5
 53   46   11   24   41   32   33   32   34   35   34    81    8
 54   17   20   23   43   14   18   21   19   21   20    73    3
 55   34   35   14   12   40   41   36   41   36   39    99   11
 56   39   41   46   28   40   40   39   39   39   39    65   14
 57   21   43   34   19   39   32   32   32   30   31    75    8
 58   22   18   12   25   12   25   25   25   26   25    81   11
 59   19   44   43   50   47   40   43   41   41   42    65   15
 60   14   10   35   12   44   29   31   30   31   30    84   10
 61   45   34   26   19   27   46   42   45   43   43    86   18
 62   31   21   26   49   23   41   43   41   44   43    91   15
 63   32   31   17   17   46   39   37   40   37   39    79   15
 64   14   29   33   32   48   42   44   43   43   44    79   18
 65   13   22   18   38   16   24   26   24   25   25    61   12
 66   14   25   43   28   26   29   32   29   31   30    86    7
 67   32   30   12   23   10   21   18   19   18   19    91    0
 68   20   43   45   33   19   37   39   36   37   37    81   12
 69   13   14   21   12   15   32   32   32   32   32    87   19
 70   15   40   34   32   41   36   38   37   36   37    85    9
 71   27   13   47   33   20   33   36   33   36   34    71   15
 72   38   15   38   11   47   51   49   52   51   50    99   20
 73   18   33   14   43   17   32   33   32   32   33    63   17
 74   15   12   16   12   14   18   17   17   18   17    90    5
 75   11   34   32   43   35   35   39   37   37   38    65   17
 76   23   14   45   14   24   30   31   30   31   30    61   16
 77   28   10   26   15   14   33   32   32   34   32    90   16
 78   38   13   16   28   11   35   34   35   36   34    74   19
 79   40   42   30   35   28   32   31   31   31   31    90    0
 80   13   10   17   34   19   36   39   37   39   39   100   19
 81   18   41   10   45   23   23   24   24   23   25    75    3
 82   19   26   24   28   33   30   31   31   31   32    91    7
 83   22   17   36   39   38   40   44   42   45   44    97   13
 84   39   34   21   21   15   33   30   31   30   31    71   13
 85   32   31   29   30   32   40   39   40   40   40    93   11
 86   16   20   16   48   26   24   28   26   28   28    97    2
 87   48   34   41   34   36   45   44   45   45   44    79   14
 88   38   19   15   10   28   27   22   26   24   24    99    2
 89   31   25   44   13   28   37   36   36   36   35    68   17
 90   11   15   42   30   45   27   32   29   31   31    86    5
 91   43   27   39   16   25   47   44   45   45   44    94   17
 92   45   38   16   34   36   42   39   42   40   41    87   11
 93   38   18   24   17   34   34   32   34   34   33    80   12
 94   48   49   49   34   29   42   40   40   40   39    74   10
 95   13   23   47   18   12   21   23   20   22   20    65    7
 96   18   38   34   14   29   33   33   33   31   32    93    8
 97   44   34   36   32   20   39   38   38   39   37    87   10
 98   41   32   20   45   28   45   44   45   45   45    86   16
 99   45   20   37   32   49   35   35   36   37   36    79    6
100   46   10   10   10   46   26   22   27   25   25    80    4
101   11   44   16   17   19   23   23   23   20   23    93    3
102   40   46   46   22   44   55   53   54   52   53    92   17
103   16   15   42   35   28   23   27   24   27   25    75    5
104   28   21   31   37   45   35   36   36   36   36    62   15
105   25   16   47   48   25   27   30   27   31   29    65    8
106   20   16   32   42   30   25   28   26   28   27    77    5
107   29   21   14   45   24   34   35   35   36   36    98    9
108   12   40   35   24   37   27   29   27   26   28    79    4
109   44   31   23   39   42   51   49   52   50   51    89   18
110   44   11   26   47   36   48   49   50   52   50    98   17
111   44   43   22   26   40   35   32   34   32   33    60   12
112   29   20   24   47   32   46   48   47   49   49    90   20
113   43   25   33   28   26   47   46   47   47   46    86   20
114   28   48   43   33   20   32   33   31   31   31    93    1
115   25   32   38   40   23   32   34   32   33   33    67   12
116   31   42   47   37   24   49   50   48   49   49    91   17
117   46   14   25   10   27   26   23   25   25   24    63    9
118   26   42   40   38   46   37   39   38   37   38    77    8
119   34   38   40   21   22   40   39   39   38   38    69   18
120   46   29   23   20   43   31   28   31   29   30    78    4
121   38   26   31   40   36   43   43   44   45   44    89   13
122   34   34   18   11   11   22   20   21   20   20    60    8
123   46   48   27   43   46   27   25   27   26   27    62    0
124   20   17   27   12   15   23   23   23   23   22    95    6
125   18   30   47   41   46   39   43   41   42   42    75   14
126   24   34   27   26   11   26   25   24   25   24    89    4
127   17   28   29   42   23   36   38   37   38   38    63   20
128   43   34   44   21   48   47   45   47   45   45    96    9
129   22   32   40   36   30   44   46   44   45   45    88   17
130   47   46   22   11   37   29   24   28   24   26    64    5
131   24   44   27   23   26   47   46   46   44   45    97   18
132   25   29   28   22   17   38   38   37   37   37    82   18
133   18   25   43   44   11   37   41   36   40   39    80   17
134   33   36   41   35   48   36   37   37   37   37    74    8
135   21   28   17   31   34   21   22   22   22   23    67    4
136   16   29   45   50   11   20   24   20   23   22    61    4
137   39   17   39   46   45   46   48   48   50   48    79   18
138   38   22   31   31   27   34   34   34   35   34    61   16
139   28   43   13   34   49   36   35   38   34   37    81    8
140   18   28   27   36   36   22   24   23   23   24    62    5
141   19   44   49   36   41   40   43   41   41   42    65   17
142   13   39   28   39   25   41   44   41   42   43    88   17
143   47   22   40   49   28   38   39   38   41   39    86    7
144   31   14   11   27   29   33   32   33   33   33    64   18
145   17   39   29   50   27   29   33   30   32   32    92    2
146   11   38   38   15   30   29   30   28   27   28    91    5
147   14   37   13   44   36   29   31   31   30   32    71   10
148   46   40   44   18   19   47   43   44   44   42    99   12
149   38   47   39   36   17   33   33   32   32   32    86    3
150   19   15   13   12   10   16   15   15   15   15    82    4
151   15   49   33   49   33   25   28   26   26   27    66    3
152   15   19   13   22   14   17   17   17   17   17    67    6
153   42   18   42   18   26   23   22   22   23   21    62    4
154   28   26   24   28   48   40   40   41   40   41    79   15
155   22   27   23   33   22   26   27   27   27   27    67   10
156   16   27   34   37   16   25   28   25   27   26    84    5
157   48   15   45   21   15   28   27   27   29   26    62   10
158   10   10   21   32   17   27   29   27   29   28    61   17
159   13   19   47   11   27   40   42   39   41   40    98   18
160   28   27   12   21   16   14   12   14   13   13    64    0
161   12   24   42   17   39   28   31   29   29   29    94    4
162   35   16   46   35   47   43   45   44   46   45    78   16
163   41   44   21   14   12   45   39   42   39   40    94   17
164   27   39   10   32   33   32   31   33   30   32    72   11
165   28   37   24   18   47   42   41   43   40   42    90   13
166   26   30   18   13   11   35   32   33   32   32    95   15
167   31   16   43   17   24   35   35   35   36   34    66   18
168   43   25   41   44   21   37   37   36   39   37    73   12
169   14   26   22   23   14   24   25   24   24   25    60   13
170   24   39   38   42   16   31   33   30   32   32    84    6
171   29   39   50   27   43   44   45   44   44   44    75   16
172   44   41   29   42   14   45   44   44   45   44    83   17
173   47   47   18   46   33   48   45   48   46   47    83   15
174   20   38   35   21   41   34   35   34   33   34    93    5
175   13   23   23   33   16   28   30   28   29   29    66   15
176   37   13   40   43   24   41   44   41   46   43    96   13
177   48   16   36   34   15   18   18   18   20   17    62    0
178   38   46   19   22   14   26   23   24   23   23    62    7
179   10   34   35   50   41   29   35   31   33   34    95    0
180   49   23   23   48   20   34   32   33   35   34    91    4
181   19   44   29   21   35   33   33   33   31   33    69   12
182   19   25   20   22   31   28   28   29   28   29    69   12
183   42   30   29   39   38   35   34   35   35   35    75    8
184   24   48   27   18   15   24   22   22   21   22    64    6
185   48   34   14   16   44   37   32   37   33   34    82    8
186   41   19   38   15   13   34   31   32   33   31    95    9
187   24   50   18   14   46   30   28   31   26   29    74    6
188   50   29   41   14   47   39   36   38   37   36    82    7
189   47   39   19   45   24   42   39   41   41   41    86   11
190   49   31   34   22   24   25   22   24   23   23    61    4
191   32   10   20   34   12   18   19   18   21   19    79    2
192   18   41   12   39   50   29   30   31   29   32    82    3
193   38   45   15   30   33   39   37   39   36   38    64   17
194   48   49   30   32   42   55   52   55   52   53    92   16
195   22   47   11   27   39   32   31   33   29   32    92    4
196   43   22   33   20   26   37   34   36   36   34    88   10
197   11   48   42   43   19   33   36   32   33   34    66   13
198   29   33   39   22   19   42   42   41   41   41    96   15
199   46   18   28   43   23   38   37   38   40   38    70   16
200   34   40   45   29   39   38   38   38   38   38    83    7
201   10   32   15   11   14   28   27   27   25   27    86   13
202   34   31   42   16   16   18   17   17   17   16    61    1
203   40   41   46   45   18   37   38   36   38   37    63   14
204   16   44   18   15   48   25   24   26   21   25    79    1
205   13   11   15   25   40   33   34   35   35   35    83   16
206   44   45   14   48   32   30   28   30   29   30    63    6
207   16   11   36   26   19   20   23   20   23   21    77    5
208   47   28   24   34   16   29   26   28   28   27    91    1
209   32   25   44   24   20   28   28   27   28   27    65    9
210   15   36   21   25   21   17   18   17   16   17    69    1
211   21   45   45   41   22   31   34   31   32   32    77    6
212   41   42   47   43   11   32   32   30   32   31    84    2
213   43   40   23   30   38   34   32   34   32   33    62   11
214   35   26   32   19   26   24   22   23   23   22    68    4
215   47   40   38   40   23   44   43   43   43   43    63   20
216   18   21   44   18   48   30   32   31   31   31    99    1
217   13   43   16   34   22   35   36   35   33   36    91   12
218   28   28   26   23   19   36   35   35   35   35    83   15
219   25   29   24   24   30   30   29   30   29   30    85    7
220   26   19   44   25   31   24   25   24   26   24    68    5
221   45   12   16   28   21   26   24   25   26   25    61   10
222   32   49   13   16   38   48   44   48   43   46    90   19
223   40   14   20   44   44   29   29   30   31   30    64    8
224   37   33   36   37   48   36   37   37   37   37    79    6
225   45   42   12   19   44   41   37   41   37   39    72   15
226   12   15   42   48   28   16   20   17   20   19    63    0
227   29   11   32   26   28   33   34   33   35   34    82   13
228   49   14   17   49   31   33   32   33   35   34    62   13
229   45   22   50   26   47   43   42   42   44   42    92    7
230   32   25   28   13   38   26   24   26   24   25    64    7
231   43   14   12   16   45   34   31   35   33   33    66   15
232   15   42   50   22   27   28   30   27   28   28    70    7
233   27   31   17   24   42   23   22   24   21   23    77    0
234   22   20   12   38   47   34   35   37   36   37    91    9
235   50   24   36   49   15   42   42   41   44   41    79   15
236   45   13   15   14   41   36   32   36   34   34    83   12
237   34   38   34   26   26   32   31   32   31   31    66   11
238   25   41   36   21   13   35   35   34   34   34    62   18
239   29   11   35   30   37   32   33   32   34   33    61   15
240   36   14   22   44   13   27   28   27   30   28    90    5
241   11   26   19   18   48   34   35   35   34   35    61   19
242   28   20   31   29   40   36   37   37   37   37    78   13
243   22   10   24   28   15   20   21   20   22   21    70    7
244   49   35   48   31   44   43   41   42   42   41    84    7
245   20   45   20   30   16   32   32   31   30   31    95    7
246   26   38   47   38   29   34   37   34   36   35    92    3
247   38   48   39   11   49   38   35   37   34   35    75    8
248   39   23   23   28   12   37   35   36   37   36    95   13
249   23   22   10   38   35   23   24   25   24   25    69    6
250   13   16   31   15   50   35   36   36   36   36    79   15
