index 541
DMU 250
input 4
output 4
instance 1
DMU   i1   i2   i3   i4   o1   o2   o3   o4   eff  err
  1   40   24   38   48   47   47   45   46    76   18
  2   49   11   39   18   46   48   43   42   100   18
  3   23   26   21   11   31   32   32   31    98   12
  4   47   32   42   50   47   47   46   47    75   15
  5   36   10   41   16   39   39   37   37    76   20
  6   40   14   31   49   50   50   47   49   100   16
  7   10   14   31   22   19   17   18   19    77    3
  8   10   32   46   20   35   33   36   36    79   13
  9   19   22   44   36   30   29   29   30    70    8
 10   31   46   47   25   36   35   36   36    63   12
 11   23   17   41   49   42   41   40   42    77   16
 12   46   15   23   35   30   31   29   29    70   10
 13   40   25   43   11   44   44   43   42    82   20
 14   13   35   16   43   34   33   35   36    75   13
 15   40   32   24   49   36   36   35   36    88    4
 16   21   21   18   25   24   24   24   24    94    4
 17   37   40   17   11   36   37   37   35    76   17
 18   32   27   46   26   32   31   31   31    85    4
 19   13   13   19   36   34   34   34   35    82   17
 20   44   42   49   25   33   33   33   32    79    2
 21   47   29   35   25   34   35   33   33    76    9
 22   43   36   29   27   24   25   24   23    63    3
 23   45   36   39   31   29   30   29   28    73    2
 24   18   20   14   35   34   34   34   34    66   19
 25   27   50   20   15   41   42   45   43    93   16
 26   43   25   31   34   45   46   44   44    76   20
 27   36   28   40   26   34   34   34   33    75   10
 28   26   35   13   21   33   34   34   33    81   14
 29   37   25   21   48   38   38   37   38    90    8
 30   36   49   11   47   34   35   36   36    63   12
 31   42   36   22   17   29   30   29   28    67   10
 32   49   12   49   23   35   36   32   32    93    5
 33   12   33   23   15   33   32   35   34    98   12
 34   37   18   44   50   54   53   51   53    95   18
 35   36   17   10   46   35   36   34   35    93   10
 36   35   23   15   25   37   38   37   36    89   16
 37   20   26   18   45   35   34   35   36    60   18
 38   13   48   26   31   33   32   37   36    97    4
 39   15   20   27   37   41   40   40   42    92   17
 40   34   20   40   17   36   36   35   34    72   16
 41   29   35   26   23   30   31   31   30    69   11
 42   32   48   28   45   44   43   45   45    95    7
 43   20   29   16   45   41   41   42   43    89   16
 44   12   10   43   14   29   28   28   28    73   14
 45   46   28   38   20   32   33   31   30    82    6
 46   12   17   23   40   17   16   17   18    70    0
 47   21   22   46   26   34   33   33   34    96    6
 48   39   16   11   17   29   31   28   27    94   11
 49   28   16   22   26   17   17   16   16    61    3
 50   21   35   46   21   33   32   33   33    79    8
 51   38   46   46   16   51   51   52   50    94   17
 52   27   25   21   11   30   31   31   30    66   17
 53   47   50   41   13   32   33   33   31    76    4
 54   39   16   43   39   36   36   33   34    89    5
 55   23   26   23   24   29   29   29   29    82    9
 56   49   18   18   20   35   37   34   33    81   15
 57   28   22   18   25   23   24   23   23    66    8
 58   27   28   39   27   30   29   29   29    87    3
 59   25   17   34   19   43   43   42   42    97   20
 60   44   30   45   32   46   46   44   44    98    9
 61   39   33   39   48   40   40   39   40    80    8
 62   17   44   46   33   45   43   46   46    93   11
 63   29   36   37   14   19   19   19   18    62    1
 64   15   30   43   25   41   39   41   41    77   18
 65   33   30   11   48   27   28   27   28    72    5
 66   30   35   48   34   37   36   37   37    69   11
 67   13   34   22   46   33   32   34   35    64   14
 68   49   17   24   48   42   43   39   40    90   11
 69   16   27   39   39   39   37   39   40    76   15
 70   38   31   26   45   41   41   40   41    68   17
 71   21   48   22   33   39   39   42   41    86   12
 72   48   37   36   31   52   53   51   50    93   17
 73   37   48   45   39   42   42   43   43    93    3
 74   32   11   35   43   39   39   37   38    85   13
 75   50   10   20   38   42   44   39   40    99   14
 76   17   25   45   16   29   28   29   29    96    4
 77   45   40   19   45   30   31   31   30    66    6
 78   26   15   18   33   37   37   36   37    83   18
 79   31   11   49   33   28   27   25   26    72    5
 80   15   30   44   38   36   34   36   37    82    9
 81   21   23   27   20   27   27   27   27    98    5
 82   25   21   26   23   28   28   27   27    87    7
 83   35   11   11   41   18   19   17   18    72    1
 84   29   49   48   32   39   38   40   40    70   11
 85   48   21   42   37   40   40   38   38    62   17
 86   23   44   40   30   40   39   41   41    85   10
 87   40   32   48   13   34   35   34   32    87    6
 88   41   37   45   26   46   47   46   46    80   17
 89   19   40   24   28   28   27   29   29    70    8
 90   21   32   46   41   36   34   36   37    96    1
 91   20   35   31   46   36   34   36   38    90    5
 92   34   46   10   24   25   27   28   26    81    3
 93   44   13   18   33   30   31   27   28    90    6
 94   14   40   12   40   29   29   32   32    89    5
 95   46   16   34   25   37   38   35   35    89   11
 96   26   27   25   41   38   38   38   39    87   12
 97   32   46   36   48   47   47   48   49    81   14
 98   43   16   37   35   43   43   40   41    91   13
 99   17   38   29   15   30   30   32   31    66   14
100   25   18   26   45   40   39   39   40    88   14
101   47   32   39   45   55   56   54   54    94   17
102   46   10   14   34   28   30   26   27    73   10
103   11   35   21   36   21   20   22   23    74    1
104   44   34   46   15   32   33   32   30    93    1
105   10   45   18   17   28   28   32   31    98    6
106   13   44   30   14   32   31   35   34    95    8
107   33   45   31   34   37   37   38   38    71   12
108   39   23   37   21   41   42   40   40    83   17
109   46   50   44   45   56   57   57   57    79   20
110   28   48   35   14   24   24   26   25    75    1
111   24   48   20   27   22   22   24   23    61    4
112   34   36   46   44   41   40   40   41    85    6
113   48   18   28   24   37   39   36   36    65   19
114   15   39   18   26   39   38   41   41    84   18
115   38   44   24   29   28   29   29   28    82    1
116   13   29   13   19   14   14   15   15    60    3
117   19   15   40   33   35   33   33   34    63   17
118   14   14   19   11   21   21   21   21    82    9
119   11   12   19   48   32   31   31   34    88   11
120   29   34   38   35   46   46   46   47    97   13
121   49   17   15   48   39   41   37   38    89   11
122   24   47   15   34   29   29   31   31    67    9
123   31   16   18   23   28   29   28   28    86   10
124   16   33   10   23   36   36   38   37    87   18
125   10   23   41   26   27   25   26   27    74    7
126   25   39   27   41   32   31   33   33    77    6
127   14   42   41   11   24   23   26   25    81    2
128   21   15   10   46   23   23   23   24    73    6
129   48   45   44   44   35   35   34   34    70    3
130   46   32   41   11   21   22   21   20    62    2
131   47   47   22   39   43   44   44   43    73   15
132   32   17   10   48   27   28   26   27    97    1
133   47   37   41   33   44   45   43   43   100    5
134   30   24   27   47   36   36   35   36    86    8
135   17   20   20   41   30   29   30   31    82    9
136   30   28   42   17   42   42   42   41    90   16
137   42   33   31   18   28   29   28   27    61   10
138   14   21   28   20   31   30   31   31    93   11
139   21   45   34   18   29   29   31   30    69    9
140   40   36   33   49   33   33   33   33    68    6
141   39   17   43   30   31   30   28   29    76    6
142   45   39   13   37   39   41   40   39    78   14
143   28   25   38   20   36   36   35   35    68   17
144   40   34   48   14   39   39   38   37    65   17
145   22   28   28   11   26   26   26   25    94    5
146   20   24   46   44   39   38   38   40    75   13
147   27   22   38   48   37   36   36   37    78   10
148   42   35   32   35   36   37   36   35    90    4
149   38   21   25   38   24   24   23   23    62    5
150   45   15   31   23   31   32   29   29    61   14
151   23   28   49   32   32   30   31   32    78    5
152   19   48   45   32   52   51   54   54    93   18
153   23   32   33   20   38   38   39   38    96   12
154   28   15   18   35   37   37   36   37    91   15
155   20   37   36   15   23   23   24   24    78    2
156   19   27   24   37   37   36   37   38    91   12
157   33   30   47   46   26   25   25   26    62    1
158   48   42   20   36   32   34   33   32    66    9
159   16   14   29   35   23   22   22   23    65    7
160   24   42   27   13   39   39   41   39    87   16
161   17   28   37   46   41   39   41   42    81   14
162   46   19   41   30   46   47   43   43    98   13
163   49   28   32   50   37   38   35   36    94    0
164   32   34   48   10   36   36   36   35    70   15
165   16   25   15   31   34   34   35   36    92   14
166   22   11   43   13   25   24   23   23    78    7
167   19   24   45   19   40   38   39   39    75   19
168   13   36   13   36   30   30   32   32    72   12
169   21   42   28   31   40   39   41   41    74   17
170   17   38   37   33   25   23   25   26    73    1
171   35   24   44   19   37   37   36   36    70   16
172   26   23   40   23   31   30   30   30    74   10
173   38   31   30   37   41   42   41   41    90   11
174   35   21   42   15   45   46   44   43    95   19
175   16   31   48   44   28   26   27   29    73    1
176   18   25   13   31   35   35   35   36    76   18
177   20   36   15   36   21   21   23   23    78    0
178   48   12   20   19   22   24   20   19    87    2
179   20   31   36   34   51   50   51   52   100   20
180   24   40   27   39   38   38   39   40    88    9
181   29   15   24   41   26   26   25   26    91    1
182   21   17   15   47   33   33   32   34    73   14
183   18   30   27   17   26   26   27   27   100    3
184   41   31   17   23   39   41   39   38    93   14
185   25   18   47   18   36   35   35   35    73   16
186   35   45   36   30   32   32   33   32    79    3
187   36   18   32   24   28   28   26   26    61   11
188   18   29   12   23   21   21   22   21    62    8
189   16   18   45   48   38   35   36   39    92    7
190   47   24   35   43   36   37   35   35    74    9
191   18   41   50   11   41   40   42   41    79   17
192   47   48   49   34   45   46   46   45    76   12
193   47   14   29   47   22   22   20   21    61    1
194   47   31   30   11   42   44   42   40    94   16
195   22   30   16   34   30   30   31   31    67   13
196   43   26   33   48   35   36   34   35    62   12
197   30   25   24   28   30   30   29   29    70   11
198   47   26   31   34   32   33   31   31    75    7
199   10   46   48   42   46   43   47   48    75   17
200   12   46   28   40   33   32   36   37    96    2
201   22   24   29   14   34   34   34   34    87   15
202   50   10   35   49   39   40   36   37    82   10
203   22   42   21   32   28   28   30   30    82    4
204   11   30   26   19   29   29   30   30    70   14
205   27   49   26   19   43   43   46   44    87   17
206   38   36   20   21   46   48   47   46    99   19
207   41   34   36   25   42   43   42   42    70   19
208   39   35   48   36   35   35   35   35    66    9
209   11   50   27   23   32   31   35   35    88    7
210   12   23   14   44   24   23   24   26    97    0
211   17   12   12   18   14   14   14   14    74    3
212   47   38   29   23   25   26   25   24    60    5
213   46   28   13   32   23   25   23   23    61    6
214   49   45   46   48   45   45   45   45    75   10
215   16   31   14   44   23   23   24   25    63    6
216   27   17   37   18   21   21   20   20    81    1
217   36   35   46   11   43   43   43   42    90   15
218   34   29   45   34   36   35   35   35    95    2
219   37   45   17   46   43   44   44   44    64   20
220   38   25   21   20   22   23   22   21    84    1
221   32   14   31   22   34   35   32   32    99   10
222   49   35   42   48   60   60   58   59    94   19
223   31   11   46   10   31   31   29   29    78   12
224   36   11   17   11   31   33   30   30    71   19
225   49   20   40   28   28   29   27   27    67    6
226   10   17   41   48   37   34   36   38    83   11
227   32   50   39   48   53   52   54   55    95   12
228   41   45   13   18   37   39   39   37    93   11
229   19   22   11   18   15   15   16   15    76    2
230   41   48   24   36   31   32   32   32    71    5
231   29   24   33   20   33   33   32   32    91    9
232   15   32   32   14   31   30   31   31    62   16
233   46   35   13   41   36   37   36   36    67   14
234   11   26   39   48   44   42   44   46    98   12
235   35   22   38   38   30   30   29   30    69    7
236   42   20   36   23   38   39   36   36    98    9
237   31   13   17   24   27   28   26   26    79   11
238   11   36   33   38   36   34   37   38    87    9
239   13   33   49   31   30   28   30   31    64    9
240   18   38   23   36   43   42   44   45    91   16
241   31   40   34   27   34   34   34   34    66   12
242   24   38   40   43   40   39   41   41    81   10
243   19   48   38   41   29   28   31   31    62    6
244   29   18   13   46   30   31   30   31    68   12
245   34   23   41   44   34   33   32   33    88    2
246   11   46   47   48   46   44   47   48    65   20
247   24   25   13   30   35   36   36   36    92   14
248   41   42   39   50   54   53   54   54    80   19
249   42   23   21   43   30   31   29   30    60   11
250   21   31   36   31   41   40   41   42    79   17
