index 481
DMU 250
input 2
output 2
instance 1
DMU   i1   i2   o1   o2   eff  err
  1   32   39   35   36    74   10
  2   47   29   53   52    98   13
  3   45   37   42   41    70   12
  4   47   32   37   37    77    5
  5   47   11   46   44    84   16
  6   10   21   15   15    86    3
  7   44   47   46   46    96    3
  8   47   21   47   46    94   11
  9   17   23   38   38    98   19
 10   23   42   37   38    68   17
 11   23   36   25   26    78    4
 12   22   35   26   27    74    7
 13   36   45   27   28    65    2
 14   44   19   43   41    89   11
 15   44   11   28   26    68    5
 16   33   16   34   33    76   13
 17   11   26   16   17    88    2
 18   38   48   52   52    94   13
 19   49   47   55   55    74   19
 20   39   38   32   32    79    1
 21   48   25   31   30    63    5
 22   27   48   32   33    79    5
 23   23   50   25   26    63    5
 24   11   26   21   22    69   10
 25   23   44   34   35    69   13
 26   41   31   37   36    65   12
 27   30   29   34   34    90    7
 28   18   47   38   39    83   15
 29   43   13   30   29    64    9
 30   45   25   40   39    64   15
 31   40   24   33   32    69    9
 32   38   48   27   28    61    2
 33   49   11   29   28    61    7
 34   39   18   36   35    62   16
 35   23   26   22   22    69    5
 36   21   11   21   21    98    4
 37   47   32   35   35    79    2
 38   42   50   56   57    84   19
 39   36   10   28   27    88    4
 40   41   16   38   37    85   10
 41   40   14   40   39    99    9
 42   31   49   28   28    67    3
 43   10   14   23   24    65   16
 44   31   22   39   38    98   11
 45   10   32   16   17    74    3
 46   46   20   42   41    97    6
 47   19   22   21   21    65    8
 48   44   36   39   38    84    4
 49   31   46   47   48    81   18
 50   47   25   30   29    66    4
 51   23   17   26   26    68   12
 52   41   49   49   49    73   17
 53   46   15   37   35    66   13
 54   23   35   32   33    83   10
 55   40   25   34   33    60   13
 56   43   11   28   26    73    4
 57   13   35   23   24    60   11
 58   16   43   25   26    73    7
 59   40   32   38   38    91    4
 60   24   49   33   35    76    9
 61   21   21   17   17    75    1
 62   18   25   24   24    89    6
 63   37   40   32   32    77    3
 64   17   11   18   17    91    4
 65   32   27   37   37    64   18
 66   46   26   55   54    92   19
 67   13   13   31   31    91   19
 68   19   36   22   23    61    7
 69   44   42   44   44    71   13
 70   49   25   44   43    65   17
 71   47   29   29   28    60    4
 72   35   25   46   45    96   15
 73   43   36   60   59    98   20
 74   29   27   28   28    95    1
 75   45   36   59   58    94   19
 76   39   31   53   53    94   19
 77   18   20   38   38    96   20
 78   14   35   29   30    82   12
 79   27   50   50   52    91   19
 80   20   15   13   13    61    2
 81   43   25   46   45    97   10
 82   31   34   49   49    97   18
 83   36   28   43   43    72   19
 84   40   26   42   41    89   10
 85   26   35   34   34    82   10
 86   13   21   11   12    67    1
 87   37   25   26   25    60    6
 88   21   48   39   41    98   10
 89   36   49   42   43    97    3
 90   11   47   32   34    87   12
 91   42   36   53   53    91   17
 92   22   17   25   25    83    8
 93   49   12   42   40    80   12
 94   49   23   49   48    74   19
 95   12   33   24   26    77   10
 96   23   15   27   26    97    7
 97   37   18   28   27    67    7
 98   44   50   41   41    70    9
 99   36   17   39   38    70   18
100   10   46   28   30    91    8
101   35   23   35   34    80   10
102   15   25   26   27    78   12
103   20   26   20   21    92    0
104   18   45   36   37    67   18
105   13   48   41   44    92   19
106   26   31   39   39    83   16
107   15   20   14   15    81    1
108   27   37   39   39    68   18
109   34   20   28   27    64    9
110   40   17   38   37    71   15
111   29   35   30   30    78    6
112   26   23   25   24    70    7
113   32   48   36   37    71   10
114   28   45   34   35    95    2
115   20   29   39   40    84   20
116   16   45   17   19    68    0
117   12   10   22   22    90   12
118   43   14   49   47    86   20
119   46   28   39   38    83    6
120   38   20   48   47    99   16
121   12   17   18   18    89    6
122   23   40   30   31    67   11
123   21   22   21   21    93    1
124   46   26   42   41    80   10
125   39   16   38   37    95    8
126   11   17   16   16    89    4
127   28   16   24   24    63    9
128   22   26   39   39    87   19
129   21   35   28   29    78    8
130   46   21   33   32    75    5
131   38   46   50   50    88   14
132   46   16   38   37    70   13
133   27   25   29   29    90    5
134   21   11   20   19    84    5
135   47   50   63   63    98   16
136   41   13   32   31    64   12
137   39   16   36   35    72   13
138   43   39   41   40    78    8
139   23   26   34   34    78   15
140   23   24   26   26    61   12
141   49   18   46   45    70   19
142   18   20   27   27    74   13
143   28   22   26   26    96    1
144   18   25   39   39    94   20
145   27   28   29   29    77    8
146   39   27   31   31    72    6
147   25   17   21   20    88    1
148   34   19   36   35    98    7
149   44   30   38   37    92    2
150   45   32   52   51    85   17
151   39   33   34   34    82    4
152   39   48   37   37    85    1
153   17   44   24   25    88    1
154   46   33   34   33    71    4
155   29   36   41   42    75   18
156   37   14   40   39    88   14
157   15   30   29   30    95   10
158   43   25   31   30    65    7
159   33   30   44   44    81   18
160   11   48   26   28    73    9
161   30   35   25   25    73    2
162   48   34   45   44    78   11
163   13   34   39   40    99   19
164   22   46   42   44    82   18
165   49   17   45   43    69   18
166   24   48   50   52    98   19
167   16   27   22   22    95    3
168   39   39   43   43    82   11
169   38   31   28   28    73    2
170   26   45   43   44    82   17
171   21   48   33   34    83    8
172   22   33   21   21    70    3
173   48   37   49   48    78   14
174   36   31   26   26    65    4
175   37   48   41   41    68   13
176   45   39   49   48    85   12
177   32   11   36   35    70   18
178   35   43   33   33    87    0
179   50   10   44   42    86   12
180   20   38   26   27    65    9
181   17   25   32   32    69   18
182   45   16   39   38    77   12
183   45   40   46   46    74   14
184   19   45   41   42    87   17
185   26   15   22   21    83    3
186   18   33   36   37    80   18
187   31   11   38   37    97   14
188   49   33   49   48    96    7
189   15   30   24   25    98    5
190   44   38   44   43    92    5
191   21   23   26   26    70   11
192   27   20   23   23    86    2
193   25   21   27   26    66   11
194   26   23   22   22    64    6
195   35   11   42   40    79   20
196   11   41   31   32    85   13
197   29   49   42   43    74   16
198   48   32   58   57    92   19
199   48   21   41   40    77   11
200   42   37   25   25    63    0
201   23   44   38   39    67   18
202   40   30   29   28    78    0
203   40   32   46   45    87   13
204   48   13   35   33    96    0
205   41   37   42   42    96    4
206   45   26   28   27    69    1
207   19   40   43   45    91   20
208   24   28   25   25    80    5
209   21   32   39   40    99   15
210   46   41   44   43    78    9
211   20   35   20   21    82    0
212   31   46   39   40   100    3
213   34   46   47   48    82   16
214   10   24   31   32    84   19
215   44   13   44   42    98   11
216   18   33   34   34    60   20
217   14   40   30   31    66   15
218   12   40   35   36    75   19
219   46   16   40   38    65   16
220   34   25   42   42    81   17
221   26   27   20   20    72    1
222   25   41   22   23    61    4
223   32   46   39   40    93    5
224   36   48   31   32    63    6
225   43   16   25   23    69    1
226   37   35   31   31    74    4
227   17   38   38   39    95   15
228   29   15   36   35    69   19
229   25   18   21   21    63    7
230   26   45   41   42    86   13
231   47   32   37   36    63   10
232   39   45   42   43    86    7
233   46   10   35   34    71   11
234   14   34   24   25    92    5
235   11   35   18   19    78    3
236   21   36   32   33    81   11
237   44   34   38   38    67   11
238   46   15   34   32    88    2
239   10   45   37   39    87   18
240   18   17   28   28    83   13
241   13   44   22   23    85    2
242   30   14   34   34    74   16
243   33   45   36   36    94    1
244   31   34   30   30    69    8
245   39   23   40   39    76   14
246   37   21   42   41    73   19
247   46   50   55   55    90   12
248   44   45   38   38    73    6
249   28   48   44   46    88   14
250   35   14   37   36    81   14
