index 511
DMU 250
input 3
output 3
instance 1
DMU   i1   i2   i3   o1   o2   o3   eff  err
  1   33   16   11   31   29   31    79   14
  2   26   38   48   39   41   39    65   16
  3   49   47   39   44   42   44    74   10
  4   38   48   25   39   35   39    91    4
  5   27   48   23   26   23   26    71    2
  6   50   11   26   38   38   38    67   18
  7   23   44   41   35   36   35    65   12
  8   31   30   29   36   36   36    97    7
  9   18   47   43   39   41   40    68   16
 10   13   45   25   39   38   39    80   17
 11   40   24   38   26   27   26    77    0
 12   48   49   11   45   39   45    67   18
 13   39   18   23   43   42   43    91   18
 14   26   21   11   36   33   36    81   19
 15   47   32   42   34   35   34    67    7
 16   50   36   10   34   28   34    73    8
 17   41   16   40   25   27   25    75    1
 18   14   31   49   29   33   29    68   10
 19   10   14   31   32   36   32    97   16
 20   22   10   32   30   32   29    68   16
 21   46   20   19   41   38   41    85   15
 22   22   44   36   52   52   52    95   20
 23   31   46   47   51   52   51    86   16
 24   25   23   17   25   24   25    80    7
 25   41   49   46   45   45   45    86    6
 26   15   23   35   31   34   31    68   16
 27   40   25   43   34   36   34    82    5
 28   11   13   35   23   27   23    74   10
 29   16   43   40   34   36   35    68   13
 30   32   24   49   36   40   36    79   10
 31   21   21   18   21   20   21    62    8
 32   25   37   40   44   45   44    73   20
 33   17   11   32   31   34   31    66   19
 34   27   46   26   31   29   31    68    8
 35   13   13   19   22   23   22    95    8
 36   36   44   42   59   60   60    98   20
 37   49   25   47   47   49   46    97    8
 38   29   35   25   31   30   31    74    9
 39   43   36   29   37   35   37    85    5
 40   27   45   36   34   34   34    93    1
 41   39   31   18   30   28   30    68    9
 42   20   14   35   24   28   24    91    5
 43   27   50   20   45   40   45   100   11
 44   15   43   25   25   24   25    61    8
 45   31   34   36   46   47   46    97   14
 46   28   40   26   48   46   48    98   17
 47   26   35   13   34   30   34    99    8
 48   21   37   25   36   35   36    84   13
 49   21   48   36   44   44   45    97   11
 50   49   11   47   31   34   31    64    9
 51   42   36   22   36   33   36    79    8
 52   17   49   12   28   23   28    97    1
 53   49   23   12   36   31   36    97    6
 54   33   23   15   23   21   23    81    3
 55   37   18   44   41   45   41    80   16
 56   50   36   17   31   27   31    61    8
 57   10   46   35   29   30   29    72    8
 58   23   15   25   26   28   26    80   10
 59   20   26   18   29   29   29    66   15
 60   45   13   48   31   35   30    84    2
 61   26   31   15   28   25   28    93    4
 62   20   27   37   36   38   36    76   16
 63   34   20   40   44   47   44    83   19
 64   17   29   35   42   45   42    98   17
 65   26   23   32   37   38   37    80   16
 66   48   28   45   45   46   45    75   15
 67   20   29   16   17   15   17    74    0
 68   45   12   10   38   35   38    78   19
 69   43   14   46   48   52   48    97   16
 70   28   38   20   29   26   29    76    6
 71   12   17   23   17   19   17    81    4
 72   40   21   22   42   41   42    84   18
 73   46   26   39   37   38   37    60   15
 74   16   11   17   21   22   21    96    7
 75   28   16   22   33   33   33    98   11
 76   26   21   35   29   32   29    92    5
 77   46   21   38   40   41   40    62   18
 78   46   46   16   54   48   55    96   17
 79   27   25   21   20   20   20    78    1
 80   11   47   50   39   43   39    90    9
 81   41   13   39   39   41   39    72   17
 82   16   43   39   26   28   26    74    3
 83   23   26   23   27   27   27    79    8
 84   24   49   18   35   32   36    64   15
 85   18   20   28   32   34   32   100   11
 86   22   18   25   24   24   24    60   11
 87   27   28   39   29   31   29    85    3
 88   27   25   17   37   35   37    99   13
 89   34   19   44   40   43   40    72   18
 90   30   45   32   52   51   52    92   19
 91   39   33   39   36   37   36    71   10
 92   48   17   44   46   49   46    82   17
 93   46   33   29   24   22   24    61    1
 94   36   37   14   33   29   33    80    8
 95   15   30   43   26   30   27    76    6
 96   25   33   30   25   25   25    69    5
 97   11   48   30   24   24   25    77    2
 98   35   48   34   54   52   54    99   15
 99   13   34   22   25   25   25    76    8
100   46   49   17   32   27   32    69    4
101   24   48   16   40   36   40    88   13
102   27   39   39   46   47   46    86   17
103   38   31   26   39   38   39    70   16
104   45   21   48   39   42   39    71   13
105   22   33   48   49   53   49    91   20
106   37   36   31   48   47   48    84   18
107   37   48   45   40   40   40    86    3
108   39   32   11   34   30   34    75   12
109   35   43   50   43   45   43    89    6
110   10   20   38   28   33   28    85   11
111   17   25   45   45   50   45    98   19
112   16   45   40   41   42   41    86   13
113   19   45   26   24   23   25    61    6
114   15   18   33   25   29   25   100    5
115   31   11   49   22   28   22    77    1
116   33   15   30   31   32   31    73   12
117   44   38   21   37   34   37    62   14
118   23   27   20   27   26   27    73   10
119   25   21   26   20   21   20    64    5
120   23   35   11   41   37   41    94   18
121   11   41   29   32   33   33    67   15
122   49   48   32   39   36   39    62   11
123   48   21   42   38   39   38    62   15
124   37   23   44   38   40   38    68   15
125   40   30   40   50   51   50    97   15
126   32   48   13   43   38   44    88   14
127   41   37   45   43   44   43    79   11
128   26   19   40   35   39   35    73   16
129   24   28   21   27   26   27    96    3
130   32   46   41   45   45   45    78   14
131   20   35   31   35   35   35    63   17
132   46   34   46   40   41   40    82    6
133   10   24   44   30   36   30    99    7
134   13   18   33   35   39   35    95   17
135   14   40   12   41   38   41    96   19
136   40   46   16   54   48   54    98   18
137   34   25   26   24   24   24    66    5
138   27   25   41   36   39   36    81   12
139   32   46   36   34   34   34    64   10
140   48   43   16   43   37   43    94    7
141   37   35   17   24   21   24    77    0
142   38   29   15   33   30   33    67   13
143   25   18   26   23   24   23    87    3
144   45   47   32   41   39   41    68   12
145   39   45   46   48   49   48    86   11
146   10   14   34   14   19   14    85    0
147   11   35   21   23   23   23    96    2
148   36   44   34   34   34   35    61   11
149   46   15   10   36   32   36    84   14
150   45   18   17   42   39   41    79   19
151   13   44   30   41   41   41    95   14
152   14   33   45   28   32   28    84    4
153   31   34   39   43   44   43    87   13
154   23   37   21   39   37   39    95   13
155   46   50   44   38   38   39    67    7
156   45   28   48   46   49   46    96    8
157   35   14   24   32   32   32    88   10
158   48   20   27   32   31   31    75    7
159   34   36   46   32   33   32    71    5
160   44   48   18   29   24   29    70    1
161   28   24   15   26   24   26    82    7
162   39   18   26   36   36   36    64   18
163   38   44   24   50   47   50    81   20
164   29   13   29   30   31   30    72   13
165   13   19   19   27   28   27    99   11
166   15   40   33   39   40   39    85   15
167   14   14   19   14   15   14    92    0
168   11   11   12   27   27   27    98   16
169   19   48   29   30   29   30    81    4
170   34   38   35   26   26   26    61    4
171   49   17   15   36   33   36    96    8
172   48   24   47   32   34   32    60    9
173   15   34   31   26   27   26    86    4
174   16   18   23   14   15   14    61    3
175   16   33   10   31   29   31    67   17
176   23   10   23   18   19   18    61    7
177   41   26   25   41   39   40    99    9
178   39   27   41   40   41   39    70   15
179   14   42   41   28   31   29    90    1
180   11   21   15   13   13   13    78    1
181   10   46   48   28   31   28    60    9
182   45   44   44   46   46   46    67   16
183   46   32   41   54   55   54    91   18
184   11   47   47   48   52   48    98   16
185   22   39   32   34   34   34    82    9
186   17   10   48   38   46   37   100   16
187   47   37   41   38   38   38    89    1
188   33   30   24   32   31   32    98    3
189   27   47   17   32   28   32    91    3
190   20   20   41   38   42   38    95   14
191   30   28   42   31   33   31    63   11
192   17   42   33   39   40   39    68   19
193   31   18   14   32   31   32    69   17
194   21   28   20   22   21   22    72    5
195   21   45   34   36   36   36    61   16
196   18   40   36   30   31   30    68    9
197   33   49   39   44   43   44    91    7
198   17   43   30   35   35   35    98    6
199   45   39   13   33   28   33    74    7
200   37   28   25   33   31   33    86    6
201   38   20   40   30   32   30    79    5
202   34   48   14   33   28   33    74    7
203   22   28   28   36   37   36    83   15
204   11   20   24   29   30   29    70   17
205   46   44   27   34   31   34    65    7
206   22   38   48   36   39   36    82    8
207   42   35   32   39   38   39    82    9
208   35   38   21   35   33   35    64   14
209   25   38   45   53   56   53    96   20
210   15   31   23   33   33   33    85   14
211   23   28   49   35   39   35    63   16
212   32   19   48   34   39   34    91    6
213   45   32   23   41   39   41    61   20
214   32   33   20   39   37   40    76   17
215   28   15   18   25   24   25    89    6
216   35   20   37   39   42   39    98   10
217   36   15   19   21   20   21    85    0
218   27   24   37   21   23   21    72    1
219   33   30   47   47   50   47    88   16
220   46   48   42   47   46   47    88    7
221   20   36   16   32   29   32    92    9
222   14   29   35   25   27   25    70    8
223   24   42   27   28   27   28    86    1
224   13   17   28   30   32   30    73   17
225   37   46   46   38   39   38    81    4
226   19   41   30   20   20   20    63    1
227   49   28   32   30   29   30    67    5
228   50   32   34   36   35   36    74    7
229   48   10   16   24   23   24    61    8
230   25   15   31   38   40   37    86   18
231   22   11   43   33   38   33    83   14
232   13   19   24   27   28   27    88   11
233   45   19   13   29   26   29    63   11
234   36   13   36   28   30   28    83    5
235   21   42   28   43   42   43    99   13
236   31   17   38   41   44   41    81   19
237   37   33   35   29   29   29    68    5
238   24   44   19   30   26   30    88    3
239   26   23   40   35   37   34    73   14
240   23   38   31   44   44   44    86   18
241   30   37   35   34   35   34    81    7
242   21   42   15   25   21   25    90    0
243   16   31   48   25   30   25    84    1
244   44   18   25   31   30   31    77    8
245   13   31   20   17   16   17    74    1
246   36   15   36   36   38   36    88   11
247   48   12   20   41   39   40    90   15
248   19   20   31   39   41   39    93   18
249   36   34   24   24   23   24    69    2
250   40   27   39   46   48   46    98   12
